8.23
8.19
8.17
8.08
8.18
8.07
8.19
8.11
8.01
8.2
8.19
8.08
8.11
8.03
8.12
8.08
8.08
8.06
8.15
8.17
8.14
8.13
8.13
8.14
8.12
8.09
8.07
8.07
8.04
8.07
8.03
8.05
8.14
8.08
8.2
8.16
8.12
8.14
8.09
8.2
8.22
8.14
8.06
8.07
8.1
8.12
8.01
8.12
8.09
8.19
8.14
8.06
8.24
8.06
8.16
8.12
8.09
8.15
8.09
8.12
8.14
8.19
8.08
8.18
8.17
8.22
8.06
8.09
8.03
8.05
8.08
8.17
8.2
8.15
8.0
8.15
8.15
8.12
8.22
8.1
8.24
8.1
8.13
8.12
8.18
8.18
8.07
8.21
8.05
8.14
8.06
8.02
8.15
8.2
8.2
8.22
8.1
8.17
8.24
8.22
8.13
8.22
8.05
8.04
8.07
8.18
8.11
8.13
8.06
8.13
8.04
8.19
8.13
8.23
8.13
8.24
8.18
8.19
8.15
8.08
8.2
8.03
8.08
8.09
8.2
8.14
8.18
8.24
8.1
8.17
8.0
8.1
8.09
8.03
8.11
8.1
8.18
8.13
8.0
8.22
8.04
8.18
8.04
8.21
8.16
8.18
8.08
8.01
8.09
8.22
8.07
8.2
8.09
8.17
8.17
8.16
8.19
8.05
8.19
8.09
8.22
8.0
8.17
8.08
8.04
8.23
8.09
8.14
8.04
8.23
8.17
8.12
8.18
8.22
8.24
8.21
8.18
8.23
8.16
8.05
8.11
8.16
8.13
8.18
8.06
8.11
8.09
8.2
8.06
8.09
8.19
8.24
8.09
8.22
8.14
8.15
8.04
8.08
8.03
8.18
8.04
8.17
8.19
8.01
8.09
8.11
8.24
8.07
8.07
8.21
8.05
8.21
8.16
8.08
8.17
8.13
8.2
8.2
8.15
8.08
8.16
8.06
8.2
8.15
8.17
8.1
8.07
8.22
8.18
8.06
8.23
8.05
8.23
8.2
8.07
8.1
8.23
8.18
8.2
8.19
8.16
8.04
8.13
8.14
8.15
8.19
8.15
8.14
8.07
8.14
8.0
8.18
8.06
8.1
8.03
8.15
8.01
8.07
8.13
8.19
8.2
8.17
8.09
8.15
8.03
8.14
8.05
8.2
8.14
8.13
8.07
8.18
8.08
8.13
8.16
8.22
8.17
8.09
8.04
8.17
8.15
8.05
8.18
8.2
8.09
8.07
8.08
8.11
8.15
8.19
8.23
8.15
8.17
8.12
8.15
8.08
8.24
8.22
8.1
8.23
8.15
8.12
8.24
8.03
8.03
8.06
8.12
8.12
8.19
8.2
8.05
8.0
8.15
8.22
8.2
8.11
8.2
8.24
8.18
8.09
8.17
8.18
8.21
8.19
8.1
8.1
8.16
8.16
8.24
8.03
8.2
8.24
8.05
8.05
8.06
8.16
8.15
8.24
8.21
8.01
8.21
8.08
8.05
8.15
8.09
8.19
8.04
8.18
8.08
8.18
8.24
8.11
8.17
8.18
8.2
8.23
8.13
8.06
8.17
8.11
8.1
8.18
8.02
8.06
8.07
8.14
8.03
8.1
8.11
8.07
8.06
8.07
8.11
8.19
8.15
8.13
8.15
8.2
8.08
8.03
8.08
8.23
8.24
8.02
8.24
8.18
8.07
8.09
8.24
8.05
8.01
8.11
8.2
8.03
8.04
8.02
8.03
8.1
8.21
8.21
8.09
8.08
8.09
8.22
8.24
8.15
8.04
8.19
8.13
8.13
8.09
8.1
8.22
8.21
8.04
8.2
8.04
8.13
8.14
8.14
8.01
8.21
8.2
8.21
8.13
8.19
8.13
8.22
8.16
8.03
8.17
8.02
8.06
8.22
8.02
8.08
8.18
8.15
8.18
8.16
8.2
8.13
8.17
8.2
8.12
8.24
8.23
8.16
8.23
8.04
8.05
8.09
8.2
8.12
8.07
8.09
8.07
8.18
8.21
8.18
8.09
8.05
8.13
8.21
8.17
8.09
8.04
8.19
8.06
8.06
8.06
8.17
8.19
8.18
8.13
8.15
8.13
8.14
8.13
8.23
8.07
8.1
8.13
8.23
8.1
8.1
8.01
8.19
8.02
8.11
8.06
8.19
8.22
8.23
8.21
8.21
8.19
8.13
8.16
8.07
8.21
8.07
8.08
8.18
8.12
8.15
8.22
8.24
8.19
8.1
8.07
8.07
8.16
8.06
8.18
8.16
8.13
8.15
8.07
8.06
8.12
8.12
8.06
8.06
8.21
8.21
8.04
8.06
8.04
8.18
8.1
8.08
8.13
8.03
8.11
8.01
8.17
8.1
8.2
8.15
8.17
8.03
8.07
8.09
8.05
8.12
8.12
8.18
8.24
8.05
8.1
8.11
8.23
8.24
8.14
8.11
8.13
8.08
8.21
8.07
8.22
8.05
8.06
8.18
8.07
8.19
8.02
8.21
8.15
8.1
8.22
8.23
8.04
8.14
8.16
8.15
8.18
8.06
8.15
8.24
8.15
8.14
8.15
8.08
8.14
8.21
8.17
8.02
8.12
8.07
8.06
8.23
8.06
8.13
8.1
8.06
8.08
8.12
8.17
8.22
8.13
8.11
8.07
8.06
8.08
8.21
8.04
8.11
8.12
8.21
8.11
8.13
8.24
8.12
8.17
8.19
8.1
8.23
8.12
8.13
8.12
8.04
8.18
8.06
8.1
8.18
8.12
8.15
8.24
8.06
8.13
8.24
8.09
8.07
8.13
8.13
8.17
8.17
8.24
8.1
8.15
8.17
8.16
8.06
8.06
8.18
8.01
8.13
8.05
8.04
8.02
8.1
8.11
8.09
8.17
8.16
8.07
8.23
8.11
8.23
8.13
8.14
8.2
8.1
8.13
8.12
8.18
8.08
8.08
8.19
8.17
8.11
8.07
8.15
8.15
8.12
8.0
8.13
8.21
8.09
8.02
8.24
8.19
8.23
8.11
8.03
8.06
8.09
8.07
8.17
8.13
8.0
8.19
8.07
8.06
8.09
8.13
8.16
8.19
8.14
8.19
8.09
8.09
8.14
8.21
8.24
8.11
8.06
8.06
8.13
8.09
8.16
8.08
8.08
8.06
8.1
8.21
8.15
8.14
8.04
8.06
8.14
8.06
8.13
8.22
8.13
8.19
8.22
8.23
8.11
8.17
8.12
8.13
8.03
8.09
8.2
8.04
8.17
8.11
8.19
8.13
8.13
8.05
8.16
8.15
8.11
8.12
8.17
8.09
8.07
8.07
8.17
8.07
8.09
8.18
8.12
8.14
8.21
8.19
8.15
8.13
8.1
8.23
8.14
8.08
8.2
8.15
8.24
8.18
8.05
8.24
8.11
8.21
8.17
8.1
8.04
8.13
8.03
8.12
8.15
8.12
8.11
8.14
8.07
8.17
8.2
8.05
8.15
8.19
8.2
8.12
8.06
8.23
8.03
8.05
8.22
8.22
8.09
8.15
8.22
8.21
8.09
8.13
8.07
8.05
8.16
8.24
8.07
8.11
8.23
8.07
8.04
8.24
8.04
8.2
8.08
8.14
8.11
8.1
8.11
8.03
8.19
8.23
8.02
8.13
8.08
8.12
8.19
8.12
8.05
8.1
8.07
8.2
8.23
8.09
8.08
8.18
8.15
8.07
8.24
8.17
8.21
8.07
8.06
8.23
8.03
8.14
8.03
8.04
8.19
8.22
8.22
8.05
8.23
8.09
8.03
8.17
8.15
8.12
8.13
8.17
8.13
8.02
8.12
8.07
8.05
8.1
8.17
8.13
8.05
8.17
8.12
8.19
8.22
8.11
8.06
8.2
8.07
8.08
8.24
8.06
8.14
8.12
8.14
8.08
8.05
8.22
8.2
8.21
8.23
8.18
8.06
8.13
8.15
8.07
8.17
8.02
8.06
8.16
8.08
8.24
8.12
8.13
8.24
8.07
8.21
8.22
8.17
8.16
8.07
8.14
8.07
8.08
8.2
8.08
8.12
8.08
8.07
8.19
8.08
8.11
8.11
8.13
8.14
8.11
8.15
8.03
8.23
8.05
8.23
8.06
8.08
8.07
8.16
8.1
8.16
8.02
8.04
8.11
8.04
8.02
8.08
8.01
8.18
8.23
8.09
8.21
8.06
8.09
8.06
8.14
8.1
8.07
8.03
8.07
8.13
8.19
8.17
8.11
8.18
8.13
8.15
8.13
8.13
8.21
8.16
8.05
8.18
8.2
8.24
8.05
8.04
8.17
8.05
8.04
8.13
8.22
8.08
8.17
8.1
8.09
8.24
8.11
8.09
8.12
8.19
8.06
8.13
8.08
8.12
8.17
8.24
8.24
8.16
8.21
8.06
8.24
8.17
8.17
8.24
