8756.0
8349.0
8379.0
8198.0
8298.0
8773.0
8144.0
8257.0
8266.0
8633.0
8172.0
8245.0
8735.0
8421.0
8212.0
8819.0
8246.0
8299.0
8623.0
8661.0
8604.0
8501.0
8532.0
8253.0
8453.0
8544.0
8875.0
8221.0
8465.0
8903.0
8343.0
8838.0
8882.0
8498.0
8374.0
8487.0
8321.0
8791.0
8283.0
8824.0
8469.0
8406.0
8743.0
8922.0
8161.0
8329.0
8513.0
8600.0
8156.0
8275.0
8265.0
8179.0
8248.0
8485.0
8122.0
8366.0
8073.0
8645.0
8388.0
8750.0
8247.0
8559.0
8772.0
8688.0
8092.0
8474.0
8238.0
8225.0
8251.0
8507.0
8885.0
8536.0
8503.0
8594.0
8886.0
8143.0
8529.0
8616.0
8522.0
8726.0
8197.0
8230.0
8738.0
8271.0
8707.0
8088.0
8815.0
8506.0
8388.0
8801.0
8688.0
8731.0
8340.0
8909.0
8461.0
8505.0
8454.0
8192.0
8676.0
8224.0
8372.0
8421.0
8418.0
8813.0
8416.0
8476.0
8902.0
8449.0
8381.0
8263.0
8202.0
8255.0
8811.0
8154.0
8890.0
8185.0
8502.0
8342.0
8223.0
8240.0
8426.0
8625.0
8804.0
8459.0
8135.0
8124.0
8383.0
8373.0
8298.0
8660.0
8674.0
8627.0
8202.0
8189.0
8644.0
8055.0
8444.0
8144.0
8865.0
8351.0
8244.0
8458.0
8458.0
8666.0
8633.0
8883.0
8406.0
8612.0
8644.0
8426.0
8535.0
8901.0
8189.0
8431.0
8100.0
8892.0
8711.0
8842.0
8367.0
8121.0
8243.0
8509.0
8562.0
8397.0
8045.0
8494.0
8792.0
8292.0
8740.0
8352.0
8451.0
8409.0
8696.0
8273.0
8296.0
8689.0
8656.0
8424.0
8540.0
8284.0
8860.0
8409.0
8858.0
8527.0
8474.0
8197.0
8349.0
8792.0
8540.0
8471.0
8173.0
8794.0
8897.0
8343.0
8200.0
8187.0
8475.0
8332.0
8617.0
8239.0
8250.0
8230.0
8204.0
8335.0
8528.0
8557.0
8718.0
8545.0
8748.0
8313.0
8342.0
8512.0
8259.0
8286.0
8264.0
8633.0
8466.0
8035.0
8701.0
8492.0
8380.0
8486.0
8654.0
8330.0
8297.0
8345.0
8734.0
8171.0
8641.0
8387.0
8697.0
8459.0
8492.0
8191.0
8618.0
8748.0
8804.0
8875.0
8405.0
8669.0
8481.0
8483.0
8131.0
8221.0
8534.0
8201.0
8429.0
8838.0
8442.0
8426.0
8831.0
8625.0
8336.0
8165.0
8446.0
8122.0
8411.0
8535.0
8446.0
8432.0
8265.0
8754.0
8605.0
8899.0
8684.0
8185.0
8930.0
8544.0
8498.0
8380.0
8855.0
8465.0
8271.0
8660.0
8237.0
8303.0
8663.0
8426.0
8564.0
8803.0
8758.0
8519.0
8262.0
8181.0
8599.0
8902.0
8258.0
8374.0
8874.0
8274.0
8150.0
8801.0
8304.0
8549.0
8813.0
8821.0
8357.0
8440.0
8240.0
8846.0
8121.0
8209.0
8851.0
8492.0
8224.0
8625.0
8732.0
8153.0
8524.0
8672.0
8757.0
8380.0
8238.0
8722.0
8585.0
8251.0
8900.0
8658.0
8797.0
8478.0
8216.0
8368.0
8253.0
8807.0
8901.0
8838.0
8099.0
8480.0
8255.0
8435.0
8741.0
8903.0
8147.0
8752.0
8280.0
8503.0
8385.0
8341.0
8356.0
8130.0
8735.0
8176.0
8390.0
8656.0
8501.0
8175.0
8604.0
8406.0
8737.0
8851.0
8421.0
8568.0
8421.0
8489.0
8605.0
8439.0
8077.0
8413.0
8275.0
8819.0
8181.0
8890.0
8289.0
8110.0
8659.0
8219.0
8225.0
8866.0
8131.0
8534.0
8117.0
8134.0
8717.0
8874.0
8288.0
8897.0
8466.0
8540.0
8873.0
8217.0
8218.0
8466.0
8561.0
8221.0
8618.0
8093.0
8248.0
8630.0
8560.0
8471.0
8462.0
8271.0
8186.0
8863.0
8765.0
8815.0
8858.0
8621.0
8179.0
8758.0
8231.0
8289.0
8912.0
8204.0
8239.0
8585.0
8375.0
8537.0
8109.0
8511.0
8409.0
8523.0
8135.0
8893.0
8184.0
8876.0
8200.0
8319.0
8283.0
8787.0
8282.0
8409.0
8314.0
8295.0
8725.0
8305.0
8360.0
8394.0
8442.0
8816.0
8811.0
8600.0
8573.0
8252.0
8510.0
8249.0
8832.0
8545.0
8194.0
8729.0
8796.0
8864.0
8526.0
8748.0
8651.0
8437.0
8688.0
8456.0
8550.0
8447.0
8511.0
8340.0
8823.0
8203.0
8316.0
8192.0
8512.0
8355.0
8224.0
8101.0
8253.0
8194.0
8392.0
8163.0
8087.0
8306.0
8056.0
8683.0
8842.0
8782.0
8252.0
8907.0
8657.0
8630.0
8907.0
8435.0
8749.0
8236.0
8525.0
8330.0
8442.0
8624.0
8892.0
8915.0
8649.0
8797.0
8267.0
8624.0
8319.0
8367.0
8892.0
8418.0
8339.0
8161.0
8153.0
8601.0
8171.0
8158.0
8476.0
8264.0
8589.0
8690.0
8476.0
8417.0
8566.0
8330.0
8287.0
8234.0
8223.0
8911.0
8704.0
8676.0
8734.0
8871.0
8759.0
8302.0
8304.0
8248.0
8436.0
8432.0
8155.0
8255.0
8107.0
8310.0
8245.0
8769.0
8405.0
8071.0
8788.0
8400.0
8156.0
8432.0
8644.0
8468.0
8364.0
8585.0
8309.0
8435.0
8555.0
8742.0
8310.0
8700.0
8559.0
8191.0
8868.0
8204.0
8188.0
8226.0
8394.0
8435.0
8071.0
8463.0
8556.0
8254.0
8763.0
8592.0
8459.0
8546.0
8338.0
8748.0
8839.0
8509.0
8480.0
8412.0
8637.0
8650.0
8259.0
8832.0
8191.0
8480.0
8261.0
8092.0
8556.0
8463.0
8840.0
8378.0
8897.0
8344.0
8275.0
8618.0
8727.0
8523.0
8035.0
8558.0
8265.0
8689.0
8642.0
8791.0
8229.0
8331.0
8104.0
8190.0
8844.0
8487.0
8897.0
8642.0
8765.0
8571.0
8281.0
8802.0
8154.0
8276.0
8296.0
8434.0
8455.0
8204.0
8491.0
8178.0
8742.0
8466.0
8829.0
8205.0
8180.0
8254.0
8675.0
8537.0
8797.0
8762.0
8827.0
8329.0
8675.0
8906.0
8805.0
8488.0
8362.0
8854.0
8222.0
8759.0
8303.0
8594.0
8029.0
8850.0
8125.0
8703.0
8191.0
8764.0
8606.0
8683.0
8281.0
8056.0
8044.0
8385.0
8274.0
8131.0
8449.0
8319.0
8646.0
8449.0
8778.0
8559.0
8734.0
8894.0
8376.0
8676.0
8568.0
8436.0
8683.0
8214.0
8433.0
8331.0
8663.0
8833.0
8895.0
8810.0
8676.0
8880.0
8568.0
8206.0
8345.0
8605.0
8267.0
8150.0
8882.0
8307.0
8488.0
8175.0
8875.0
8639.0
8441.0
8691.0
8570.0
8765.0
8201.0
8760.0
8307.0
8831.0
8032.0
8674.0
8460.0
8710.0
8709.0
8561.0
8397.0
8901.0
8284.0
8238.0
8760.0
8183.0
8766.0
8623.0
8276.0
8497.0
8531.0
8142.0
8311.0
8120.0
8731.0
8140.0
8667.0
8721.0
8058.0
8336.0
8710.0
8181.0
8289.0
8738.0
8901.0
8314.0
8833.0
8506.0
8513.0
8727.0
8514.0
8542.0
8267.0
8350.0
8842.0
8727.0
8753.0
8685.0
8643.0
8149.0
8454.0
8371.0
8281.0
8822.0
8649.0
8226.0
8871.0
8163.0
8863.0
8752.0
8217.0
8247.0
8564.0
8194.0
8762.0
8519.0
8620.0
8290.0
8490.0
8578.0
8816.0
8632.0
8296.0
8160.0
8431.0
8634.0
8557.0
8178.0
8505.0
8174.0
8721.0
8463.0
8507.0
8209.0
8715.0
8738.0
8751.0
8641.0
8266.0
8606.0
8109.0
8474.0
8026.0
8698.0
8189.0
8324.0
8147.0
8587.0
8076.0
8281.0
8481.0
8123.0
8237.0
8417.0
8440.0
8765.0
8723.0
8159.0
8039.0
8357.0
8881.0
8535.0
8468.0
8914.0
8151.0
8597.0
8381.0
8506.0
8268.0
8907.0
8871.0
8637.0
8762.0
8371.0
8230.0
8260.0
8385.0
8565.0
8736.0
8895.0
8577.0
8215.0
8224.0
8222.0
8553.0
8538.0
8892.0
8785.0
8053.0
8764.0
8271.0
8563.0
8587.0
8914.0
8136.0
8758.0
8895.0
8615.0
8654.0
8763.0
8742.0
8384.0
8386.0
8562.0
8849.0
8767.0
8387.0
8734.0
8883.0
8669.0
8346.0
8200.0
8217.0
8530.0
8124.0
8337.0
8388.0
8226.0
8228.0
8271.0
8404.0
8494.0
8208.0
8666.0
8436.0
8389.0
8694.0
8087.0
8899.0
8430.0
8679.0
8707.0
8781.0
8863.0
8182.0
8506.0
8368.0
8733.0
8153.0
8708.0
8321.0
8680.0
8416.0
8833.0
8792.0
8376.0
8286.0
8304.0
8373.0
8908.0
8169.0
8051.0
8350.0
8806.0
8139.0
8154.0
8072.0
8116.0
8124.0
8246.0
8870.0
8934.0
8062.0
8895.0
8716.0
8270.0
8698.0
8539.0
8410.0
8586.0
8785.0
8318.0
8082.0
8194.0
8802.0
8085.0
8264.0
8686.0
8802.0
8784.0
8790.0
8490.0
8742.0
8491.0
8809.0
8626.0
8125.0
8657.0
8328.0
8366.0
8840.0
8804.0
8161.0
8747.0
8149.0
8465.0
8564.0
8477.0
8070.0
8827.0
8910.0
8514.0
8133.0
8715.0
8436.0
8489.0
8792.0
8598.0
8368.0
8168.0
8691.0
8266.0
8281.0
8291.0
8277.0
8672.0
8816.0
8683.0
8336.0
8159.0
8521.0
8409.0
8894.0
8903.0
8639.0
8860.0
8130.0
8192.0
8295.0
8723.0
8428.0
8501.0
8681.0
8591.0
8738.0
8493.0
8627.0
8713.0
8866.0
8764.0
8764.0
8692.0
8462.0
8566.0
8421.0
8080.0
8718.0
8090.0
8374.0
8239.0
8731.0
8803.0
8528.0
8467.0
8459.0
8456.0
8892.0
8235.0
8370.0
8483.0
8862.0
8361.0
8206.0
8239.0
8664.0
8699.0
8628.0
8445.0
