    6   60  Pure hydrogen grid                                                                                                             Fri Dec 31 12:46:40 2010
 Teff  log g  M/Mo  Mbol     BC    U      B      V      R      I      J      H      K      u      g      r      i      z      y      b-y    u-b    v-y    W1     W2     W3     W4     Age
  1500. 7.0  0.150 19.064  0.973 21.075 19.850 18.091 18.017 20.086 20.220 20.149 22.198 21.960 18.968 17.877 20.231 19.903 18.044  1.265  3.429  2.631 16.887 16.148 15.248 14.287 1.623E+10
  1750. 7.0  0.151 18.393  0.804 20.312 19.260 17.590 17.361 18.741 18.903 18.986 20.448 21.184 18.437 17.256 19.003 18.755 17.559  1.198  3.159  2.462 16.213 15.562 14.788 13.977 1.338E+10
  2000. 7.0  0.151 17.812  0.605 19.674 18.784 17.206 16.822 17.604 17.816 18.030 19.072 20.535 18.016 16.775 17.928 17.761 17.186  1.131  2.906  2.301 15.665 15.096 14.389 13.696 1.078E+10
  2250. 7.0  0.151 17.297  0.390 19.162 18.404 16.908 16.389 16.697 16.920 17.215 17.961 20.014 17.680 16.420 17.063 16.954 16.893  1.074  2.700  2.170 15.193 14.699 14.046 13.441 7.879E+09
  2500. 7.0  0.152 16.837  0.178 18.727 18.081 16.659 16.031 15.952 16.172 16.530 17.072 19.572 17.394 16.148 16.367 16.276 16.646  1.024  2.526  2.057 14.794 14.363 13.755 13.215 5.479E+09
  2750. 7.0  0.152 16.420 -0.021 18.349 17.798 16.441 15.734 15.357 15.519 15.909 16.305 19.190 17.143 15.929 15.830 15.712 16.429  0.980  2.379  1.962 14.430 14.057 13.486 12.998 3.943E+09
  3000. 7.0  0.152 16.039 -0.194 17.996 17.529 16.234 15.479 14.900 14.932 15.320 15.608 18.833 16.903 15.731 15.423 15.255 16.221  0.939  2.250  1.875 14.084 13.764 13.221 12.781 3.472E+09
  3250. 7.0  0.153 15.689 -0.337 17.656 17.265 16.025 15.253 14.564 14.393 14.738 14.946 18.491 16.664 15.539 15.119 14.899 16.013  0.902  2.134  1.797 13.737 13.468 12.950 12.560 3.145E+09
  3500. 7.0  0.153 15.362 -0.443 17.301 16.985 15.806 15.046 14.317 13.917 14.162 14.295 18.133 16.411 15.342 14.885 14.633 15.792  0.861  2.019  1.714 13.374 13.149 12.663 12.336 2.927E+09
  3750. 7.0  0.154 15.058 -0.514 16.939 16.693 15.572 14.838 14.112 13.523 13.629 13.682 17.769 16.144 15.132 14.679 14.420 15.558  0.822  1.913  1.636 13.010 12.816 12.387 12.146 2.803E+09
  4000. 7.0  0.155 14.771 -0.538 16.538 16.366 15.309 14.612 13.913 13.223 13.167 13.152 17.366 15.844 14.897 14.471 14.225 15.294  0.779  1.801  1.550 12.670 12.496 12.152 12.015 2.550E+09
  4250. 7.0  0.157 14.497 -0.515 16.093 15.998 15.012 14.359 13.699 13.000 12.788 12.745 16.919 15.507 14.632 14.244 14.025 14.996  0.731  1.683  1.457 12.384 12.232 11.987 11.921 2.229E+09
  4500. 7.0  0.159 14.235 -0.463 15.625 15.610 14.698 14.093 13.477 12.817 12.497 12.428 16.450 15.149 14.352 14.006 13.819 14.682  0.681  1.562  1.360 12.153 12.031 11.877 11.842 1.955E+09
  4750. 7.0  0.162 13.975 -0.398 15.147 15.212 14.373 13.816 13.246 12.640 12.279 12.178 15.970 14.781 14.062 13.760 13.604 14.358  0.631  1.441  1.262 11.971 11.882 11.783 11.762 1.674E+09
  5000. 7.0  0.168 13.717 -0.333 14.675 14.818 14.051 13.540 13.013 12.462 12.102 11.993 15.497 14.417 13.774 13.513 13.388 14.035  0.583  1.324  1.168 11.827 11.761 11.691 11.679 1.360E+09
  5250. 7.0  0.174 13.467 -0.279 14.231 14.446 13.746 13.278 12.791 12.292 11.948 11.847 15.053 14.072 13.500 13.278 13.181 13.731  0.538  1.216  1.081 11.707 11.655 11.603 11.597 1.147E+09
  5500. 7.0  0.179 13.230 -0.239 13.822 14.106 13.469 13.041 12.591 12.137 11.811 11.725 14.643 13.758 13.253 13.066 12.995 13.454  0.495  1.112  0.999 11.604 11.562 11.526 11.526 9.696E+08
  6000. 7.0  0.188 12.802 -0.200 13.114 13.524 13.003 12.645 12.261 11.881 11.588 11.531 13.935 13.223 12.840 12.715 12.687 12.989  0.417  0.924  0.850 11.445 11.422 11.414 11.410 7.762E+08
  6500. 7.0  0.192 12.428 -0.192 12.552 13.051 12.620 12.320 11.991 11.678 11.422 11.388 13.375 12.784 12.501 12.427 12.437 12.607  0.354  0.790  0.735 11.327 11.319 11.323 11.309 6.329E+08
  7000. 7.0  0.197 12.083 -0.199 12.095 12.645 12.282 12.029 11.748 11.498 11.281 11.264 12.920 12.404 12.200 12.169 12.211 12.271  0.303  0.709  0.649 11.222 11.223 11.229 11.212 5.182E+08
  7500. 7.0  0.201 11.761 -0.213 11.711 12.284 11.974 11.762 11.524 11.333 11.154 11.151 12.539 12.061 11.924 11.930 12.003 11.964  0.260  0.669  0.583 11.122 11.130 11.136 11.119 4.253E+08
  8000. 7.0  0.205 11.459 -0.228 11.383 11.956 11.687 11.514 11.315 11.181 11.039 11.046 12.216 11.746 11.667 11.709 11.810 11.678  0.222  0.662  0.535 11.027 11.039 11.045 11.031 3.464E+08
  8500. 7.0  0.209 11.174 -0.242 11.100 11.655 11.417 11.280 11.121 11.039 10.932 10.947 11.937 11.454 11.427 11.501 11.630 11.408  0.187  0.681  0.500 10.934 10.949 10.956 10.944 2.836E+08
  9000. 7.0  0.213 10.906 -0.258 10.850 11.378 11.163 11.063 10.940 10.907 10.834 10.855 11.691 11.182 11.202 11.308 11.465 11.155  0.156  0.714  0.475 10.845 10.862 10.870 10.862 2.318E+08
  9500. 7.0  0.217 10.652 -0.279 10.626 11.125 10.931 10.864 10.778 10.787 10.746 10.771 11.471 10.934 10.998 11.133 11.317 10.923  0.128  0.751  0.455 10.761 10.779 10.789 10.784 1.878E+08
 10000. 7.0  0.220 10.411 -0.317 10.426 10.902 10.728 10.692 10.640 10.684 10.670 10.697 11.275 10.716 10.820 10.983 11.191 10.720  0.101  0.779  0.436 10.686 10.702 10.713 10.714 1.524E+08
 10500. 7.0  0.223 10.185 -0.379 10.253 10.717 10.563 10.555 10.531 10.603 10.607 10.636 11.104 10.536 10.678 10.865 11.093 10.556  0.076  0.795  0.415 10.623 10.638 10.650 10.654 1.239E+08
 11000. 7.0  0.226  9.969 -0.468 10.114 10.570 10.437 10.451 10.449 10.540 10.556 10.585 10.966 10.395 10.569 10.776 11.017 10.430  0.053  0.803  0.395 10.571 10.586 10.600 10.606 9.931E+07
 11500. 7.0  0.229  9.763 -0.584 10.007 10.460 10.347 10.377 10.390 10.493 10.514 10.543 10.859 10.291 10.492 10.713 10.961 10.341  0.031  0.806  0.376 10.528 10.541 10.557 10.564 7.990E+07
 12000. 7.0  0.231  9.566 -0.693  9.890 10.351 10.258 10.302 10.328 10.442 10.468 10.498 10.742 10.188 10.414 10.648 10.902 10.253  0.013  0.793  0.352 10.484 10.499 10.516 10.525 6.589E+07
 12500. 7.0  0.234  9.376 -0.793  9.759 10.240 10.169 10.222 10.260 10.388 10.418 10.450 10.612 10.085 10.333 10.577 10.837 10.165  0.000  0.761  0.322 10.439 10.455 10.474 10.484 5.545E+07
 13000. 7.0  0.237  9.194 -0.891  9.626 10.136 10.085 10.145 10.191 10.332 10.368 10.402 10.479  9.988 10.253 10.506 10.772 10.082 -0.010  0.718  0.291 10.394 10.411 10.432 10.443 4.702E+07
 13500. 7.0  0.239  9.018 -0.988  9.497 10.037 10.006 10.071 10.125 10.277 10.318 10.355 10.349  9.897 10.177 10.438 10.708 10.004 -0.019  0.673  0.261 10.349 10.367 10.391 10.402 3.995E+07
 14000. 7.0  0.242  8.848 -1.083  9.373  9.944  9.931 10.000 10.061 10.225 10.269 10.309 10.225  9.811 10.105 10.372 10.646  9.930 -0.026  0.628  0.235 10.306 10.325 10.350 10.362 3.464E+07
 14500. 7.0  0.244  8.684 -1.176  9.253  9.856  9.859  9.932  9.999 10.173 10.221 10.263 10.105  9.729 10.035 10.308 10.586  9.859 -0.032  0.583  0.211 10.263 10.283 10.310 10.323 2.999E+07
 15000. 7.0  0.247  8.525 -1.265  9.139  9.772  9.790  9.866  9.939 10.123 10.174 10.219  9.990  9.651  9.968 10.246 10.528  9.790 -0.038  0.540  0.190 10.221 10.242 10.270 10.285 2.620E+07
 15500. 7.0  0.250  8.372 -1.352  9.029  9.692  9.723  9.802  9.880 10.074 10.128 10.175  9.880  9.577  9.903 10.187 10.471  9.724 -0.043  0.499  0.171 10.180 10.202 10.232 10.247 2.306E+07
 16000. 7.0  0.252  8.223 -1.436  8.924  9.615  9.659  9.741  9.824 10.026 10.083 10.133  9.774  9.505  9.841 10.129 10.417  9.660 -0.048  0.460  0.154 10.140 10.163 10.195 10.211 2.034E+07
 16500. 7.0  0.254  8.079 -1.517  8.823  9.541  9.596  9.681  9.769  9.980 10.040 10.092  9.673  9.436  9.780 10.073 10.364  9.598 -0.052  0.422  0.138 10.101 10.125 10.159 10.176 1.805E+07
 17000. 7.0  0.257  7.939 -1.597  8.726  9.470  9.536  9.624  9.715  9.935  9.997 10.051  9.575  9.370  9.722 10.018 10.312  9.538 -0.056  0.387  0.124 10.063 10.088 10.123 10.142 1.600E+07
 20000. 7.0  0.270  7.180 -2.027  8.213  9.089  9.207  9.309  9.424  9.687  9.762  9.828  9.060  9.010  9.403  9.720 10.029  9.212 -0.076  0.209  0.053  9.852  9.883  9.930  9.959 7.439E+06
 25000. 7.0  0.288  6.141 -2.605  7.532  8.561  8.746  8.867  9.011  9.329  9.424  9.506  8.379  8.510  8.955  9.299  9.629  8.752 -0.102  0.001 -0.034  9.550  9.592  9.664  9.702 2.546E+06
 30000. 7.0  0.304  5.291 -3.024  6.933  8.077  8.315  8.451  8.617  8.980  9.091  9.188  7.778  8.049  8.535  8.898  9.244  8.324 -0.121 -0.159 -0.103  9.247  9.297  9.369  9.395 1.096E+06
 35000. 7.0  0.320  4.566 -3.389  6.462  7.680  7.955  8.095  8.271  8.656  8.770  8.868  7.306  7.669  8.176  8.550  8.901  7.964 -0.130 -0.266 -0.151  8.922  8.958  8.987  8.959 5.757E+05
 40000. 7.0  0.338  3.925 -3.776  6.155  7.408  7.701  7.845  8.025  8.419  8.535  8.632  7.000  7.405  7.925  8.303  8.657  7.712 -0.134 -0.317 -0.176  8.683  8.715  8.733  8.692 3.166E+05
 45000. 7.0  0.353  3.368 -4.148  5.938  7.211  7.516  7.661  7.845  8.244  8.360  8.457  6.782  7.213  7.741  8.122  8.478  7.527 -0.138 -0.347 -0.191  8.506  8.536  8.546  8.499 1.857E+05
 50000. 7.0  0.366  2.869 -4.495  5.763  7.051  7.364  7.510  7.696  8.098  8.215  8.311  6.608  7.056  7.589  7.973  8.330  7.375 -0.140 -0.368 -0.202  8.359  8.388  8.394  8.344 1.156E+05
 55000. 7.0  0.379  2.417 -4.814  5.613  6.911  7.231  7.379  7.566  7.971  8.088  8.184  6.458  6.920  7.457  7.842  8.200  7.242 -0.142 -0.384 -0.211  8.230  8.258  8.261  8.211 7.754E+04
 60000. 7.0  0.394  1.999 -5.108  5.475  6.782  7.107  7.256  7.445  7.851  7.968  8.065  6.320  6.793  7.334  7.720  8.079  7.119 -0.143 -0.397 -0.217  8.110  8.138  8.139  8.090 5.576E+04
 65000. 7.0  0.411  1.605 -5.380  5.342  6.656  6.985  7.134  7.325  7.733  7.850  7.947  6.187  6.668  7.212  7.600  7.959  6.997 -0.145 -0.408 -0.223  7.992  8.019  8.019  7.972 4.709E+04
 70000. 7.0  0.430  1.233 -5.632  5.213  6.533  6.865  7.016  7.207  7.617  7.734  7.831  6.058  6.546  7.094  7.482  7.842  6.877 -0.146 -0.417 -0.228  7.876  7.902  7.903  7.859 4.410E+04
 75000. 7.0  0.452  0.879 -5.867  5.085  6.410  6.746  6.897  7.089  7.500  7.618  7.715  5.930  6.425  6.975  7.364  7.724  6.758 -0.147 -0.425 -0.233  7.760  7.786  7.788  7.746 3.458E+04
 80000. 7.0  0.472  0.552 -6.087  4.970  6.299  6.638  6.790  6.983  7.395  7.514  7.611  5.815  6.315  6.867  7.258  7.618  6.651 -0.148 -0.431 -0.237  7.656  7.682  7.684  7.646 2.808E+04
 85000. 7.0  0.489  0.251 -6.292  4.869  6.202  6.543  6.696  6.890  7.303  7.422  7.519  5.714  6.219  6.773  7.164  7.525  6.556 -0.149 -0.437 -0.240  7.565  7.591  7.594  7.559 2.660E+04
 90000. 7.0  0.506 -0.034 -6.486  4.771  6.108  6.452  6.605  6.799  7.214  7.334  7.431  5.616  6.126  6.682  7.074  7.435  6.464 -0.149 -0.442 -0.243  7.477  7.503  7.508  7.476 2.945E+04
100000. 7.0  0.543 -0.569 -6.842  4.582  5.925  6.273  6.427  6.623  7.040  7.160  7.257  5.428  5.945  6.504  6.897  7.259  6.286 -0.151 -0.451 -0.248  7.304  7.330  7.338  7.312 3.168E+04
110000. 7.0  0.576 -1.046 -7.163  4.418  5.765  6.116  6.272  6.469  6.888  7.009  7.107  5.263  5.786  6.348  6.743  7.106  6.129 -0.152 -0.459 -0.253  7.154  7.181  7.194  7.173 1.863E+04
120000. 7.0  0.582 -1.437 -7.455  4.312  5.663  6.018  6.174  6.373  6.794  6.916  7.015  5.157  5.686  6.250  6.646  7.010  6.031 -0.153 -0.465 -0.257  7.063  7.091  7.107  7.091 8.709E+03
130000. 7.0  0.613 -1.841 -7.723  4.170  5.525  5.882  6.039  6.239  6.662  6.785  6.885  5.015  5.548  6.115  6.512  6.877  5.895 -0.155 -0.470 -0.260  6.934  6.963  6.984  6.972 4.535E+03
140000. 7.0  0.624 -2.181 -7.970  4.072  5.430  5.789  5.947  6.149  6.573  6.697  6.798  4.917  5.454  6.023  6.421  6.787  5.802 -0.156 -0.475 -0.263  6.848  6.878  6.903  6.894 3.682E+03
  1500. 7.5  0.317 19.506  0.964 21.237 20.154 18.542 18.572 20.801 20.862 20.759 22.890 22.112 19.334 18.429 20.943 20.581 18.486  1.161  3.208  2.435 17.425 16.674 15.753 14.770 1.581E+10
  1750. 7.5  0.317 18.836  0.835 20.477 19.552 18.001 17.879 19.434 19.542 19.591 21.127 21.339 18.779 17.762 19.688 19.414 17.962  1.117  2.959  2.303 16.748 16.083 15.296 14.463 1.392E+10
  2000. 7.5  0.317 18.256  0.666 19.848 19.072 17.590 17.308 18.264 18.423 18.597 19.680 20.702 18.344 17.239 18.583 18.396 17.563  1.067  2.729  2.172 16.176 15.596 14.882 14.175 1.234E+10
  2250. 7.5  0.317 17.744  0.477 19.341 18.684 17.267 16.839 17.317 17.525 17.794 18.579 20.187 17.995 16.838 17.668 17.558 17.248  1.022  2.542  2.062 15.714 15.207 14.546 13.928 1.102E+10
  2500. 7.5  0.317 17.285  0.275 18.927 18.368 17.011 16.461 16.533 16.757 17.096 17.667 19.768 17.711 16.542 16.925 16.849 16.996  0.981  2.391  1.968 15.309 14.868 14.253 13.701 1.005E+10
  2750. 7.5  0.317 16.871  0.080 18.570 18.093 16.791 16.148 15.895 16.095 16.477 16.898 19.407 17.462 16.308 16.339 16.254 16.777  0.944  2.265  1.886 14.949 14.565 13.988 13.490 8.878E+09
  3000. 7.5  0.317 16.492 -0.095 18.243 17.838 16.588 15.883 15.395 15.503 15.897 16.205 19.078 17.232 16.108 15.892 15.765 16.574  0.909  2.155  1.812 14.609 14.278 13.730 13.280 7.765E+09
  3250. 7.5  0.318 16.144 -0.242 17.923 17.584 16.386 15.651 15.023 14.962 15.331 15.558 18.756 17.002 15.918 15.558 15.378 16.372  0.875  2.054  1.741 14.275 13.994 13.470 13.066 6.749E+09
  3500. 7.5  0.318 15.821 -0.356 17.599 17.324 16.177 15.442 14.751 14.471 14.770 14.932 18.430 16.764 15.727 15.306 15.085 16.163  0.840  1.957  1.671 13.931 13.696 13.199 12.850 5.702E+09
  3750. 7.5  0.319 15.519 -0.436 17.264 17.050 15.955 15.240 14.537 14.051 14.233 14.327 18.093 16.513 15.527 15.096 14.857 15.941  0.804  1.864  1.600 13.580 13.379 12.927 12.652 4.723E+09
  4000. 7.5  0.319 15.237 -0.477 16.900 16.751 15.714 15.031 14.346 13.724 13.755 13.778 17.727 16.238 15.312 14.899 14.666 15.700  0.765  1.765  1.523 13.238 13.060 12.680 12.507 4.157E+09
  4250. 7.5  0.320 14.972 -0.474 16.498 16.419 15.446 14.802 14.150 13.485 13.355 13.336 17.323 15.933 15.072 14.692 14.480 15.431  0.722  1.659  1.439 12.939 12.780 12.497 12.410 3.670E+09
  4500. 7.5  0.321 14.720 -0.438 16.067 16.063 15.158 14.558 13.947 13.302 13.042 12.998 16.892 15.605 14.816 14.475 14.291 15.142  0.676  1.547  1.349 12.697 12.564 12.379 12.337 3.136E+09
  4750. 7.5  0.323 14.479 -0.385 15.629 15.699 14.865 14.310 13.742 13.143 12.816 12.736 16.452 15.271 14.555 14.255 14.102 14.849  0.629  1.433  1.257 12.510 12.410 12.295 12.271 2.657E+09
  5000. 7.5  0.326 14.247 -0.328 15.195 15.340 14.575 14.065 13.539 12.992 12.649 12.549 16.016 14.940 14.298 14.038 13.914 14.559  0.582  1.320  1.166 12.374 12.301 12.224 12.211 2.162E+09
  5250. 7.5  0.329 14.022 -0.277 14.782 14.998 14.299 13.831 13.344 12.848 12.515 12.416 15.604 14.625 14.053 13.831 13.734 14.283  0.538  1.214  1.080 12.271 12.215 12.159 12.152 1.739E+09
  5500. 7.5  0.333 13.809 -0.237 14.404 14.685 14.046 13.616 13.167 12.717 12.400 12.313 15.225 14.336 13.829 13.641 13.570 14.031  0.497  1.117  1.002 12.188 12.143 12.103 12.101 1.512E+09
  6000. 7.5  0.338 13.415 -0.195 13.735 14.139 13.611 13.250 12.865 12.492 12.208 12.148 14.556 13.835 13.446 13.319 13.292 13.597  0.422  0.934  0.858 12.057 12.030 12.017 12.017 1.229E+09
  6500. 7.5  0.341 13.058 -0.190 13.182 13.683 13.248 12.946 12.615 12.306 12.055 12.019 14.003 13.416 13.129 13.051 13.061 13.235  0.358  0.788  0.740 11.955 11.944 11.947 11.937 1.022E+09
  7000. 7.5  0.343 12.729 -0.202 12.731 13.297 12.931 12.677 12.393 12.145 11.929 11.911 13.554 13.056 12.849 12.814 12.856 12.920  0.307  0.691  0.653 11.867 11.866 11.874 11.857 8.614E+08
  7500. 7.5  0.345 12.422 -0.221 12.354 12.957 12.644 12.430 12.187 11.997 11.817 11.813 13.180 12.734 12.593 12.595 12.666 12.634  0.264  0.634  0.588 11.783 11.790 11.798 11.781 7.333E+08
  8000. 7.5  0.347 12.135 -0.241 12.032 12.649 12.376 12.199 11.995 11.860 11.715 11.722 12.861 12.440 12.354 12.390 12.488 12.367  0.227  0.610  0.541 11.701 11.713 11.723 11.708 6.281E+08
  8500. 7.5  0.349 11.865 -0.261 11.754 12.369 12.126 11.983 11.815 11.733 11.620 11.636 12.586 12.169 12.131 12.198 12.323 12.117  0.195  0.609  0.508 11.622 11.638 11.649 11.637 5.411E+08
  9000. 7.5  0.352 11.610 -0.281 11.509 12.112 11.891 11.782 11.649 11.615 11.533 11.556 12.344 11.917 11.923 12.019 12.171 11.882  0.166  0.625  0.486 11.545 11.564 11.577 11.569 4.681E+08
  9500. 7.5  0.354 11.368 -0.304 11.289 11.876 11.672 11.595 11.496 11.506 11.452 11.481 12.127 11.685 11.731 11.854 12.032 11.664  0.140  0.648  0.472 11.472 11.492 11.508 11.503 4.066E+08
 10000. 7.5  0.356 11.138 -0.336 11.091 11.663 11.475 11.428 11.360 11.408 11.380 11.413 11.932 11.476 11.559 11.708 11.909 11.466  0.116  0.669  0.459 11.404 11.424 11.442 11.441 3.543E+08
 10500. 7.5  0.359 10.920 -0.388 10.917 11.480 11.307 11.287 11.248 11.326 11.318 11.354 11.760 11.296 11.413 11.586 11.807 11.299  0.095  0.682  0.445 11.344 11.364 11.382 11.386 3.097E+08
 11000. 7.5  0.361 10.711 -0.460 10.766 11.327 11.171 11.173 11.158 11.260 11.266 11.304 11.611 11.148 11.295 11.488 11.726 11.163  0.075  0.685  0.431 11.294 11.314 11.333 11.340 2.715E+08
 11500. 7.5  0.363 10.513 -0.549 10.641 11.202 11.062 11.083 11.087 11.207 11.224 11.263 11.486 11.028 11.202 11.412 11.662 11.054  0.056  0.686  0.416 11.254 11.273 11.293 11.301 2.384E+08
 12000. 7.5  0.364 10.322 -0.662 10.550 11.110 10.985 11.021 11.038 11.169 11.191 11.231 11.395 10.940 11.136 11.359 11.616 10.977  0.039  0.687  0.403 11.220 11.238 11.260 11.269 2.096E+08
 12500. 7.5  0.366 10.139 -0.775 10.459 11.024 10.914 10.962 10.992 11.132 11.158 11.198 11.305 10.858 11.076 11.310 11.572 10.907  0.022  0.681  0.386 11.188 11.206 11.228 11.239 1.846E+08
 13000. 7.5  0.368  9.964 -0.876 10.354 10.931 10.840 10.898 10.939 11.090 11.120 11.161 11.200 10.771 11.009 11.254 11.522 10.834  0.008  0.662  0.363 11.153 11.171 11.195 11.207 1.628E+08
 13500. 7.5  0.370  9.795 -0.972 10.241 10.839 10.767 10.832 10.882 11.045 11.080 11.123 11.087 10.686 10.941 11.195 11.468 10.762 -0.003  0.630  0.336 11.116 11.136 11.162 11.174 1.438E+08
 14000. 7.5  0.372  9.631 -1.067 10.128 10.751 10.698 10.769 10.826 10.999 11.039 11.084 10.975 10.605 10.876 11.137 11.415 10.694 -0.012  0.592  0.307 11.081 11.101 11.129 11.142 1.272E+08
 14500. 7.5  0.373  9.474 -1.159 10.019 10.667 10.633 10.707 10.772 10.955 10.999 11.046 10.865 10.529 10.813 11.081 11.363 10.630 -0.020  0.553  0.281 11.045 11.067 11.096 11.110 1.126E+08
 15000. 7.5  0.375  9.321 -1.249  9.913 10.588 10.570 10.649 10.719 10.912 10.959 11.008 10.759 10.456 10.753 11.026 11.312 10.568 -0.027  0.514  0.256 11.010 11.033 11.063 11.078 9.982E+07
 15500. 7.5  0.377  9.174 -1.336  9.811 10.512 10.509 10.591 10.667 10.869 10.920 10.971 10.657 10.386 10.694 10.973 11.262 10.508 -0.033  0.476  0.234 10.976 10.999 11.032 11.048 8.868E+07
 16000. 7.5  0.379  9.030 -1.420  9.712 10.440 10.451 10.536 10.617 10.827 10.881 10.935 10.559 10.319 10.637 10.921 11.213 10.450 -0.039  0.440  0.214 10.942 10.966 11.000 11.017 7.890E+07
 16500. 7.5  0.381  8.891 -1.502  9.617 10.370 10.394 10.481 10.567 10.786 10.843 10.899 10.463 10.254 10.582 10.870 11.165 10.393 -0.044  0.404  0.195 10.908 10.933 10.967 10.985 7.048E+07
 17000. 7.5  0.383  8.756 -1.582  9.526 10.303 10.338 10.429 10.519 10.746 10.806 10.864 10.372 10.192 10.529 10.821 11.119 10.339 -0.048  0.370  0.178 10.875 10.902 10.940 10.959 6.316E+07
 20000. 7.5  0.394  8.019 -2.014  9.037  9.938 10.033 10.138 10.251 10.520 10.594 10.663  9.882  9.853 10.233 10.547 10.859 10.036 -0.071  0.197  0.097 10.687 10.719 10.768 10.796 3.171E+07
 25000. 7.5  0.411  7.003 -2.592  8.380  9.428  9.596  9.720  9.863 10.186 10.279 10.364  9.224  9.373  9.809 10.150 10.482  9.601 -0.098 -0.008 -0.001 10.407 10.451 10.524 10.562 1.675E+07
 30000. 7.5  0.428  6.169 -3.014  7.798  8.957  9.182  9.320  9.486  9.852  9.961 10.061  8.642  8.927  9.404  9.766 10.113  9.190 -0.118 -0.165 -0.080 10.119 10.169 10.242 10.268 9.661E+06
 35000. 7.5  0.450  5.445 -3.384  7.335  8.562  8.829  8.970  9.146  9.533  9.648  9.748  8.179  8.549  9.052  9.424  9.777  8.838 -0.128 -0.269 -0.137  9.803  9.842  9.878  9.857 4.587E+06
 40000. 7.5  0.464  4.830 -3.775  7.058  8.318  8.605  8.750  8.930  9.327  9.443  9.542  7.903  8.314  8.830  9.208  9.563  8.615 -0.133 -0.318 -0.164  9.595  9.630  9.655  9.621 3.095E+06
 45000. 7.5  0.480  4.283 -4.151  6.855  8.134  8.434  8.580  8.764  9.166  9.282  9.381  7.700  8.135  8.660  9.041  9.398  8.444 -0.137 -0.348 -0.182  9.433  9.466  9.483  9.441 2.248E+06
 50000. 7.5  0.496  3.790 -4.500  6.689  7.981  8.290  8.438  8.624  9.029  9.146  9.244  7.533  7.986  8.517  8.900  9.258  8.301 -0.140 -0.369 -0.194  9.295  9.326  9.338  9.293 1.691E+06
 55000. 7.5  0.512  3.341 -4.822  6.545  7.848  8.164  8.312  8.501  8.907  9.025  9.124  7.390  7.855  8.391  8.776  9.135  8.175 -0.142 -0.385 -0.204  9.173  9.203  9.211  9.165 1.286E+06
 60000. 7.5  0.527  2.932 -5.119  6.419  7.729  8.051  8.200  8.390  8.799  8.917  9.015  7.263  7.739  8.279  8.665  9.025  8.062 -0.143 -0.398 -0.212  9.064  9.093  9.099  9.052 9.633E+05
 65000. 7.5  0.541  2.555 -5.393  6.305  7.622  7.948  8.099  8.290  8.700  8.819  8.917  7.150  7.633  8.177  8.565  8.925  7.960 -0.145 -0.408 -0.219  8.965  8.993  8.998  8.952 7.402E+05
 70000. 7.5  0.555  2.206 -5.648  6.201  7.523  7.854  8.005  8.197  8.609  8.728  8.826  7.046  7.537  8.083  8.472  8.832  7.866 -0.146 -0.417 -0.224  8.874  8.901  8.905  8.862 5.684E+05
 75000. 7.5  0.569  1.880 -5.885  6.104  7.431  7.766  7.918  8.111  8.524  8.643  8.741  6.949  7.446  7.995  8.385  8.746  7.778 -0.147 -0.425 -0.229  8.788  8.816  8.819  8.778 4.470E+05
 80000. 7.5  0.583  1.572 -6.107  6.011  7.342  7.679  7.832  8.026  8.440  8.560  8.658  6.856  7.358  7.909  8.300  8.662  7.691 -0.148 -0.431 -0.234  8.705  8.732  8.736  8.697 3.536E+05
 85000. 7.5  0.599  1.281 -6.316  5.921  7.256  7.596  7.749  7.944  8.359  8.479  8.577  6.766  7.273  7.826  8.218  8.580  7.608 -0.149 -0.437 -0.237  8.624  8.651  8.656  8.620 2.728E+05
 90000. 7.5  0.613  1.006 -6.511  5.836  7.175  7.518  7.671  7.867  8.283  8.403  8.501  6.682  7.193  7.748  8.141  8.503  7.530 -0.150 -0.443 -0.241  8.548  8.575  8.581  8.547 2.056E+05
100000. 7.5  0.639  0.503 -6.871  5.684  7.027  7.375  7.529  7.726  8.144  8.265  8.363  6.529  7.047  7.606  8.000  8.363  7.387 -0.151 -0.452 -0.247  8.410  8.436  8.444  8.415 1.241E+05
110000. 7.5  0.667  0.043 -7.196  5.540  6.888  7.239  7.395  7.593  8.012  8.133  8.232  6.385  6.909  7.471  7.866  8.230  7.252 -0.152 -0.459 -0.252  8.279  8.306  8.317  8.293 8.936E+04
120000. 7.5  0.699 -0.384 -7.491  5.400  6.752  7.107  7.263  7.462  7.883  8.005  8.104  6.246  6.775  7.339  7.735  8.100  7.119 -0.154 -0.465 -0.256  8.152  8.180  8.194  8.175 7.294E+04
130000. 7.5  0.720 -0.764 -7.761  5.284  6.640  6.997  7.154  7.355  7.777  7.900  7.999  6.130  6.664  7.230  7.627  7.992  7.010 -0.155 -0.470 -0.260  8.048  8.076  8.094  8.078 6.132E+04
140000. 7.5  0.739 -1.115 -8.010  5.177  6.536  6.895  7.053  7.255  7.678  7.802  7.901  6.023  6.560  7.129  7.527  7.893  6.908 -0.156 -0.475 -0.263  7.950  7.979  8.001  7.990 4.168E+04
  1500. 8.0  0.575 20.108  0.873 21.752 20.771 19.235 19.314 21.599 21.554 21.410 23.536 22.619 19.987 19.169 21.755 21.353 19.176  1.111  3.047  2.326 18.047 17.292 16.366 15.379 1.481E+10
  1750. 8.0  0.575 19.438  0.797 20.947 20.117 18.641 18.583 20.216 20.266 20.291 21.861 21.804 19.377 18.461 20.480 20.173 18.598  1.067  2.811  2.201 17.403 16.730 15.934 15.091 1.413E+10
  2000. 8.0  0.575 18.858  0.676 20.282 19.594 18.182 17.974 19.037 19.144 19.301 20.422 21.130 18.896 17.893 19.361 19.147 18.151  1.021  2.591  2.079 16.836 16.247 15.527 14.807 1.350E+10
  2250. 8.0  0.575 18.347  0.521 19.761 19.182 17.826 17.475 18.081 18.248 18.496 19.307 20.603 18.519 17.451 18.432 18.305 17.804  0.982  2.422  1.981 16.371 15.856 15.189 14.560 1.291E+10
  2500. 8.0  0.575 17.889  0.346 19.336 18.847 17.543 17.067 17.276 17.485 17.807 18.405 20.174 18.213 17.116 17.654 17.580 17.526  0.946  2.284  1.896 15.973 15.522 14.901 14.339 1.235E+10
  2750. 8.0  0.575 17.475  0.166 18.978 18.563 17.308 16.730 16.605 16.816 17.185 17.624 19.813 17.953 16.857 17.025 16.962 17.293  0.912  2.170  1.822 15.610 15.217 14.635 14.128 1.181E+10
  3000. 8.0  0.575 17.097 -0.005 18.663 18.310 17.102 16.449 16.066 16.226 16.618 16.944 19.496 17.722 16.646 16.535 16.445 17.087  0.882  2.075  1.756 15.280 14.939 14.386 13.926 1.130E+10
  3250. 8.0  0.576 16.749 -0.152 18.359 18.064 16.901 16.207 15.651 15.684 16.068 16.313 19.190 17.497 16.452 16.164 16.024 16.887  0.851  1.986  1.693 14.958 14.666 14.136 13.721 1.081E+10
  3500. 8.0  0.576 16.427 -0.271 18.052 17.814 16.698 15.992 15.346 15.186 15.523 15.707 18.881 17.267 16.263 15.885 15.699 16.683  0.819  1.901  1.629 14.631 14.384 13.878 13.512 1.027E+10
  3750. 8.0  0.576 16.126 -0.359 17.737 17.554 16.485 15.791 15.115 14.744 14.990 15.116 18.565 17.028 16.070 15.664 15.450 16.471  0.787  1.817  1.565 14.294 14.084 13.614 13.310 9.645E+09
  4000. 8.0  0.576 15.845 -0.412 17.397 17.273 16.258 15.589 14.922 14.384 14.500 14.562 18.224 16.770 15.865 15.468 15.251 16.243  0.751  1.727  1.495 13.956 13.772 13.361 13.148 9.013E+09
  4250. 8.0  0.577 15.581 -0.427 17.027 16.966 16.008 15.375 14.734 14.116 14.076 14.086 17.852 16.487 15.642 15.272 15.069 15.993  0.712  1.632  1.418 13.643 13.478 13.154 13.039 8.352E+09
  4500. 8.0  0.578 15.332 -0.408 16.627 16.634 15.740 15.146 14.542 13.920 13.733 13.716 17.451 16.181 15.402 15.068 14.889 15.724  0.669  1.529  1.335 13.383 13.239 13.016 12.962 7.582E+09
  4750. 8.0  0.578 15.095 -0.368 16.215 16.292 15.464 14.913 14.348 13.760 13.479 13.424 17.038 15.866 15.156 14.860 14.709 15.448  0.625  1.423  1.249 13.175 13.062 12.924 12.897 6.737E+09
  5000. 8.0  0.580 14.870 -0.320 15.804 15.953 15.190 14.681 14.157 13.617 13.299 13.214 16.626 15.554 14.914 14.656 14.533 15.175  0.580  1.315  1.162 13.024 12.942 12.855 12.840 5.688E+09
  5250. 8.0  0.582 14.654 -0.273 15.409 15.626 14.928 14.460 13.974 13.482 13.163 13.070 16.230 15.253 14.681 14.460 14.365 14.912  0.537  1.211  1.078 12.917 12.857 12.795 12.788 4.401E+09
  5500. 8.0  0.584 14.447 -0.235 15.040 15.321 14.682 14.253 13.803 13.357 13.050 12.963 15.861 14.973 14.465 14.277 14.207 14.667  0.497  1.115  1.001 12.834 12.786 12.742 12.739 3.170E+09
  6000. 8.0  0.588 14.063 -0.191 14.389 14.787 14.254 13.892 13.506 13.138 12.864 12.801 15.210 14.481 14.088 13.959 13.933 14.240  0.426  0.943  0.864 12.705 12.675 12.657 12.659 2.241E+09
  6500. 8.0  0.590 13.712 -0.185 13.837 14.338 13.897 13.593 13.261 12.957 12.713 12.674 14.659 14.069 13.776 13.697 13.707 13.884  0.362  0.791  0.746 12.605 12.591 12.593 12.587 1.828E+09
  7000. 8.0  0.592 13.387 -0.203 13.382 13.958 13.590 13.334 13.048 12.802 12.588 12.569 14.205 13.717 13.507 13.469 13.511 13.578  0.310  0.680  0.656 12.522 12.520 12.529 12.514 1.520E+09
  7500. 8.0  0.593 13.084 -0.228 13.001 13.626 13.312 13.097 12.851 12.661 12.480 12.476 13.826 13.405 13.261 13.260 13.329 13.302  0.268  0.608  0.590 12.445 12.451 12.460 12.443 1.274E+09
  8000. 8.0  0.595 12.801 -0.253 12.676 13.328 13.055 12.875 12.666 12.531 12.382 12.389 13.503 13.121 13.032 13.062 13.158 13.045  0.232  0.568  0.542 12.368 12.380 12.390 12.375 1.075E+09
  8500. 8.0  0.596 12.535 -0.279 12.395 13.058 12.814 12.667 12.493 12.409 12.290 12.307 13.223 12.860 12.817 12.877 12.999 12.805  0.201  0.553  0.511 12.293 12.309 12.321 12.309 9.170E+08
  9000. 8.0  0.598 12.285 -0.303 12.146 12.810 12.587 12.472 12.330 12.295 12.205 12.229 12.977 12.619 12.616 12.703 12.849 12.579  0.174  0.553  0.491 12.220 12.238 12.255 12.246 7.919E+08
  9500. 8.0  0.599 12.047 -0.328 11.924 12.583 12.376 12.290 12.180 12.189 12.126 12.156 12.757 12.395 12.429 12.542 12.712 12.367  0.150  0.563  0.479 12.148 12.170 12.191 12.185 6.894E+08
 10000. 8.0  0.600 11.822 -0.359 11.724 12.376 12.181 12.124 12.044 12.093 12.053 12.088 12.559 12.191 12.258 12.395 12.589 12.172  0.129  0.575  0.471 12.081 12.105 12.129 12.127 6.033E+08
 10500. 8.0  0.602 11.607 -0.403 11.544 12.194 12.010 11.979 11.926 12.009 11.989 12.028 12.381 12.011 12.109 12.268 12.483 12.000  0.110  0.583  0.464 12.020 12.044 12.069 12.073 5.307E+08
 11000. 8.0  0.603 11.403 -0.464 11.387 12.038 11.867 11.859 11.829 11.939 11.934 11.977 12.225 11.859 11.984 12.163 12.395 11.858  0.093  0.583  0.454 11.969 11.992 12.019 12.026 4.695E+08
 11500. 8.0  0.604 11.208 -0.542 11.249 11.907 11.749 11.760 11.750 11.881 11.887 11.933 12.088 11.732 11.882 12.078 12.323 11.740  0.077  0.576  0.442 11.926 11.950 11.978 11.987 4.179E+08
 12000. 8.0  0.606 11.021 -0.630 11.130 11.795 11.651 11.678 11.685 11.833 11.848 11.895 11.970 11.624 11.797 12.008 12.264 11.641  0.061  0.570  0.430 11.890 11.914 11.943 11.954 3.735E+08
 12500. 8.0  0.607 10.841 -0.735 11.040 11.709 11.577 11.618 11.638 11.797 11.817 11.866 11.881 11.541 11.734 11.957 12.221 11.567  0.047  0.566  0.420 11.861 11.885 11.914 11.927 3.348E+08
 13000. 8.0  0.608 10.669 -0.849 10.967 11.639 11.518 11.570 11.600 11.767 11.792 11.841 11.807 11.475 11.684 11.917 12.186 11.509  0.035  0.562  0.409 11.835 11.859 11.888 11.902 3.005E+08
 13500. 8.0  0.609 10.503 -0.954 10.885 11.564 11.457 11.519 11.559 11.735 11.763 11.812 11.726 11.404 11.631 11.873 12.147 11.449  0.022  0.553  0.394 11.808 11.831 11.862 11.876 2.701E+08
 14000. 8.0  0.610 10.343 -1.050 10.792 11.484 11.393 11.463 11.513 11.698 11.731 11.781 11.633 11.329 11.573 11.825 12.104 11.386  0.010  0.534  0.374 11.779 11.802 11.834 11.849 2.431E+08
 14500. 8.0  0.611 10.188 -1.142 10.695 11.404 11.330 11.406 11.465 11.660 11.697 11.749 11.536 11.255 11.515 11.774 12.058 11.324 -0.001  0.507  0.350 11.749 11.773 11.806 11.821 2.189E+08
 15000. 8.0  0.613 10.039 -1.232 10.597 11.327 11.271 11.351 11.417 11.621 11.662 11.716 11.439 11.185 11.458 11.724 12.012 11.265 -0.009  0.476  0.325 11.718 11.743 11.777 11.793 1.972E+08
 15500. 8.0  0.614  9.895 -1.319 10.502 11.254 11.214 11.298 11.370 11.582 11.628 11.684 11.344 11.117 11.403 11.676 11.967 11.209 -0.017  0.443  0.301 11.688 11.714 11.749 11.766 1.778E+08
 16000. 8.0  0.615  9.755 -1.404 10.410 11.183 11.159 11.246 11.324 11.545 11.593 11.652 11.252 11.053 11.350 11.628 11.923 11.155 -0.024  0.410  0.278 11.658 11.684 11.721 11.739 1.603E+08
 16500. 8.0  0.616  9.619 -1.486 10.320 11.115 11.105 11.196 11.279 11.508 11.559 11.620 11.162 10.991 11.298 11.582 11.879 11.102 -0.030  0.378  0.257 11.629 11.656 11.694 11.713 1.445E+08
 17000. 8.0  0.617  9.488 -1.566 10.233 11.050 11.054 11.147 11.235 11.471 11.526 11.588 11.076 10.931 11.249 11.536 11.837 11.051 -0.036  0.346  0.237 11.599 11.627 11.668 11.688 1.303E+08
 20000. 8.0  0.624  8.770 -2.000  9.768 10.701 10.770 10.878 10.989 11.266 11.336 11.409 10.611 10.609 10.974 11.284 11.599 10.770 -0.062  0.180  0.144 11.433 11.466 11.518 11.548 6.896E+07
 25000. 8.0  0.635  7.782 -2.578  9.139 10.212 10.360 10.487 10.629 10.959 11.049 11.137  9.982 10.152 10.577 10.915 11.249 10.364 -0.092 -0.020  0.033 11.180 11.225 11.300 11.339 2.216E+07
 30000. 8.0  0.646  6.972 -3.001  8.583  9.760  9.972 10.112 10.276 10.648 10.754 10.855  9.427  9.727 10.197 10.557 10.905  9.979 -0.114 -0.174 -0.057 10.914 10.965 11.038 11.064 9.239E+06
 35000. 8.0  0.661  6.277 -3.378  8.159  9.396  9.655  9.798  9.973 10.364 10.477 10.579  9.003  9.382  9.881 10.251 10.605  9.663 -0.126 -0.273 -0.122 10.636 10.677 10.719 10.705 6.331E+06
 40000. 8.0  0.672  5.679 -3.773  7.905  9.172  9.453  9.599  9.779 10.178 10.294 10.395  8.749  9.167  9.679 10.056 10.412  9.462 -0.132 -0.321 -0.153 10.450 10.488 10.519 10.493 4.018E+06
 45000. 8.0  0.682  5.151 -4.152  7.724  9.009  9.303  9.451  9.635 10.039 10.156 10.256  8.569  9.009  9.531  9.911 10.269  9.313 -0.136 -0.350 -0.173 10.310 10.346 10.370 10.336 2.808E+06
 50000. 8.0  0.694  4.676 -4.504  7.578  8.875  9.179  9.328  9.515  9.922 10.040 10.140  8.422  8.879  9.408  9.790 10.149  9.190 -0.139 -0.370 -0.187 10.193 10.227 10.246 10.207 1.818E+06
 55000. 8.0  0.703  4.247 -4.828  7.457  8.763  9.075  9.225  9.414  9.823  9.942 10.042  8.301  8.770  9.304  9.689 10.048  9.086 -0.141 -0.386 -0.198 10.094 10.127 10.142 10.101 1.534E+06
 60000. 8.0  0.713  3.854 -5.127  7.349  8.663  8.981  9.132  9.322  9.733  9.852  9.952  8.193  8.672  9.210  9.597  9.957  8.992 -0.143 -0.398 -0.206 10.004 10.035 10.048 10.006 1.257E+06
 65000. 8.0  0.722  3.492 -5.403  7.252  8.572  8.895  9.047  9.239  9.651  9.771  9.871  8.096  8.583  9.125  9.513  9.874  8.907 -0.144 -0.409 -0.214  9.922  9.953  9.963  9.921 1.055E+06
 70000. 8.0  0.732  3.156 -5.660  7.163  8.488  8.816  8.969  9.162  9.576  9.696  9.795  8.008  8.501  9.047  9.436  9.797  8.828 -0.146 -0.418 -0.220  9.846  9.876  9.886  9.844 9.011E+05
 75000. 8.0  0.741  2.843 -5.900  7.081  8.411  8.743  8.896  9.090  9.505  9.626  9.725  7.926  8.426  8.973  9.364  9.726  8.755 -0.147 -0.425 -0.226  9.775  9.805  9.814  9.773 7.773E+05
 80000. 8.0  0.750  2.550 -6.124  7.004  8.338  8.674  8.827  9.022  9.438  9.559  9.659  7.849  8.354  8.904  9.296  9.658  8.685 -0.148 -0.432 -0.230  9.709  9.738  9.746  9.708 6.760E+05
 85000. 8.0  0.759  2.274 -6.334  6.932  8.269  8.607  8.761  8.957  9.375  9.496  9.595  7.777  8.286  8.838  9.231  9.593  8.619 -0.149 -0.438 -0.235  9.645  9.674  9.682  9.645 5.907E+05
 90000. 8.0  0.768  2.013 -6.532  6.863  8.203  8.544  8.699  8.896  9.314  9.436  9.535  7.708  8.221  8.776  9.169  9.532  8.557 -0.150 -0.443 -0.239  9.584  9.613  9.621  9.587 5.195E+05
100000. 8.0  0.785  1.530 -6.895  6.734  8.080  8.426  8.581  8.779  9.199  9.321  9.420  7.579  8.099  8.658  9.052  9.416  8.438 -0.151 -0.452 -0.245  9.469  9.497  9.506  9.476 4.023E+05
110000. 8.0  0.804  1.091 -7.223  6.615  7.965  8.315  8.471  8.670  9.091  9.214  9.313  7.460  7.986  8.547  8.943  9.308  8.327 -0.153 -0.459 -0.251  9.362  9.390  9.402  9.375 3.080E+05
120000. 8.0  0.824  0.686 -7.522  6.501  7.855  8.208  8.365  8.566  8.988  9.111  9.211  7.347  7.877  8.441  8.838  9.203  8.221 -0.154 -0.465 -0.255  9.260  9.288  9.302  9.280 2.342E+05
130000. 8.0  0.843  0.314 -7.795  6.395  7.752  8.109  8.267  8.468  8.892  9.015  9.115  7.241  7.776  8.342  8.740  9.106  8.121 -0.155 -0.471 -0.259  9.164  9.193  9.209  9.191 1.912E+05
140000. 8.0  0.862 -0.032 -8.047  6.296  7.656  8.015  8.173  8.376  8.801  8.925  9.025  7.142  7.680  8.249  8.648  9.014  8.028 -0.156 -0.475 -0.263  9.075  9.104  9.123  9.108 1.778E+05
  1500. 8.5  0.908 20.862  1.014 21.694 20.984 19.847 20.127 22.493 22.374 22.203 24.311 22.546 20.359 19.984 22.670 22.230 19.784  0.801  2.620  1.813 18.814 18.055 17.126 16.136 1.210E+10
  1750. 8.5  0.908 20.192  0.945 21.139 20.483 19.248 19.370 21.115 21.076 21.069 22.614 21.987 19.832 19.246 21.399 21.053 19.191  0.889  2.539  1.907 18.162 17.486 16.688 15.845 1.199E+10
  2000. 8.5  0.908 19.612  0.817 20.637 20.067 18.796 18.733 19.922 19.935 20.045 21.137 21.479 19.422 18.640 20.262 20.015 18.754  0.923  2.406  1.909 17.575 16.988 16.270 15.553 1.187E+10
  2250. 8.5  0.908 19.101  0.654 20.194 19.709 18.447 18.214 18.966 19.069 19.285 20.098 21.032 19.083 18.168 19.322 19.173 18.418  0.918  2.277  1.863 17.142 16.623 15.954 15.323 1.172E+10
  2500. 8.5  0.908 18.643  0.474 19.808 19.399 18.169 17.794 18.161 18.330 18.620 19.224 20.643 18.795 17.810 18.533 18.453 18.147  0.897  2.161  1.801 16.756 16.300 15.676 15.110 1.156E+10
  2750. 8.5  0.908 18.229  0.293 19.473 19.128 17.936 17.445 17.476 17.677 18.029 18.483 20.306 18.545 17.533 17.876 17.827 17.918  0.871  2.063  1.741 16.414 16.013 15.426 14.911 1.139E+10
  3000. 8.5  0.908 17.851  0.119 19.178 18.887 17.732 17.152 16.905 17.094 17.478 17.822 20.009 18.322 17.311 17.345 17.290 17.716  0.846  1.981  1.686 16.094 15.744 15.186 14.717 1.123E+10
  3250. 8.5  0.908 17.503 -0.038 18.901 18.659 17.541 16.902 16.447 16.559 16.947 17.205 19.731 18.111 17.118 16.932 16.838 17.526  0.821  1.907  1.633 15.783 15.480 14.947 14.521 1.106E+10
  3500. 8.5  0.908 17.182 -0.169 18.624 18.429 17.350 16.683 16.102 16.060 16.422 16.621 19.453 17.898 16.935 16.621 16.478 17.336  0.794  1.835  1.580 15.472 15.214 14.702 14.322 1.088E+10
  3750. 8.5  0.908 16.882 -0.269 18.336 18.189 17.151 16.483 15.846 15.601 15.897 16.047 19.163 17.676 16.750 16.382 16.200 17.136  0.766  1.763  1.524 15.151 14.933 14.448 14.121 1.068E+10
  4000. 8.5  0.909 16.601 -0.338 18.026 17.931 16.940 16.290 15.645 15.214 15.404 15.502 18.852 17.437 16.558 16.184 15.987 16.924  0.734  1.685  1.462 14.824 14.634 14.197 13.946 1.040E+10
  4250. 8.5  0.909 16.338 -0.371 17.687 17.648 16.709 16.088 15.462 14.911 14.961 15.003 18.512 17.176 16.351 15.995 15.804 16.693  0.699  1.599  1.393 14.506 14.335 13.972 13.821 1.004E+10
  4500. 8.5  0.909 16.089 -0.370 17.318 17.340 16.459 15.874 15.279 14.691 14.591 14.602 18.142 16.893 16.127 15.801 15.630 16.443  0.660  1.506  1.318 14.229 14.078 13.810 13.736 9.676E+09
  4750. 8.5  0.909 15.854 -0.345 16.933 17.020 16.199 15.653 15.094 14.523 14.303 14.279 17.755 16.597 15.895 15.605 15.458 16.184  0.619  1.408  1.238 13.999 13.873 13.703 13.668 9.230E+09
  5000. 8.5  0.910 15.631 -0.308 16.543 16.697 15.939 15.432 14.911 14.380 14.097 14.034 17.365 16.300 15.664 15.409 15.289 15.923  0.577  1.308  1.157 13.825 13.731 13.627 13.609 8.708E+09
  5250. 8.5  0.910 15.418 -0.267 16.163 16.382 15.686 15.219 14.735 14.248 13.948 13.865 16.984 16.010 15.440 15.221 15.127 15.671  0.536  1.208  1.076 13.702 13.635 13.567 13.558 8.025E+09
  5500. 8.5  0.911 15.215 -0.232 15.803 16.086 15.448 15.018 14.569 14.127 13.832 13.749 16.624 15.737 15.230 15.043 14.974 15.433  0.497  1.113  1.000 13.614 13.562 13.514 13.510 7.072E+09
  6000. 8.5  0.913 14.835 -0.188 15.163 15.558 15.023 14.660 14.274 13.911 13.645 13.581 15.983 15.252 14.857 14.727 14.701 15.009  0.427  0.945  0.866 13.480 13.448 13.426 13.428 5.244E+09
  6500. 8.5  0.914 14.486 -0.180 14.616 15.112 14.666 14.360 14.027 13.729 13.493 13.451 15.437 14.841 14.544 14.463 14.473 14.653  0.367  0.798  0.751 13.377 13.360 13.358 13.358 4.428E+09
  7000. 8.5  0.915 14.163 -0.201 14.156 14.735 14.364 14.107 13.819 13.577 13.368 13.346 14.978 14.494 14.281 14.240 14.281 14.353  0.314  0.677  0.658 13.295 13.291 13.300 13.289 3.793E+09
  7500. 8.5  0.916 13.863 -0.232 13.770 14.409 14.095 13.879 13.630 13.441 13.260 13.255 14.593 14.190 14.044 14.039 14.107 14.084  0.271  0.591  0.589 13.222 13.227 13.237 13.221 3.261E+09
  8000. 8.5  0.916 13.582 -0.264 13.439 14.118 13.845 13.665 13.452 13.314 13.163 13.171 14.264 13.914 13.823 13.849 13.943 13.836  0.235  0.537  0.540 13.150 13.161 13.171 13.156 2.791E+09
  8500. 8.5  0.917 13.318 -0.295 13.153 13.855 13.613 13.464 13.283 13.197 13.074 13.091 13.980 13.661 13.615 13.669 13.787 13.603  0.205  0.507  0.507 13.078 13.093 13.106 13.094 2.377E+09
  9000. 8.5  0.918 13.068 -0.324 12.901 13.614 13.393 13.273 13.124 13.086 12.989 13.014 13.729 13.426 13.419 13.499 13.641 13.384  0.179  0.494  0.488 13.007 13.026 13.042 13.033 2.018E+09
  9500. 8.5  0.919 12.833 -0.353 12.675 13.393 13.186 13.094 12.974 12.982 12.909 12.941 13.505 13.209 13.235 13.339 13.504 13.176  0.157  0.493  0.477 12.936 12.959 12.981 12.975 1.706E+09
 10000. 8.5  0.919 12.609 -0.384 12.470 13.190 12.993 12.929 12.837 12.885 12.835 12.872 13.301 13.009 13.065 13.191 13.378 12.984  0.139  0.496  0.472 12.868 12.893 12.921 12.919 1.435E+09
 10500. 8.5  0.920 12.396 -0.422 12.284 13.007 12.819 12.779 12.713 12.798 12.767 12.808 13.117 12.828 12.911 13.059 13.266 12.808  0.122  0.498  0.469 12.803 12.830 12.862 12.865 1.205E+09
 11000. 8.5  0.921 12.193 -0.475 12.119 12.847 12.669 12.651 12.609 12.723 12.707 12.752 12.953 12.671 12.780 12.946 13.171 12.658  0.108  0.495  0.464 12.747 12.774 12.807 12.815 1.037E+09
 11500. 8.5  0.922 12.000 -0.544 11.973 12.711 12.543 12.545 12.522 12.660 12.656 12.704 12.808 12.538 12.670 12.853 13.093 12.532  0.094  0.486  0.455 12.699 12.727 12.762 12.774 9.044E+08
 12000. 8.5  0.922 11.814 -0.623 11.843 12.593 12.437 12.455 12.449 12.606 12.611 12.662 12.679 12.424 12.577 12.774 13.026 12.426  0.082  0.472  0.444 12.658 12.687 12.725 12.739 8.015E+08
 12500. 8.5  0.923 11.636 -0.710 11.728 12.490 12.346 12.378 12.387 12.560 12.572 12.625 12.565 12.325 12.497 12.708 12.969 12.335  0.069  0.459  0.433 12.623 12.653 12.693 12.708 7.237E+08
 13000. 8.5  0.924 11.465 -0.806 11.633 12.404 12.271 12.315 12.337 12.522 12.540 12.595 12.470 12.242 12.432 12.654 12.923 12.259  0.058  0.449  0.423 12.594 12.624 12.665 12.682 6.551E+08
 13500. 8.5  0.924 11.300 -0.915 11.562 12.339 12.215 12.269 12.300 12.494 12.516 12.572 12.400 12.180 12.384 12.615 12.889 12.204  0.048  0.443  0.415 12.572 12.601 12.642 12.659 5.927E+08
 14000. 8.5  0.925 11.141 -1.023 11.496 12.279 12.165 12.227 12.267 12.467 12.493 12.550 12.334 12.123 12.340 12.580 12.858 12.154  0.038  0.435  0.405 12.551 12.579 12.620 12.637 5.365E+08
 14500. 8.5  0.926 10.988 -1.122 11.423 12.214 12.111 12.182 12.231 12.438 12.468 12.525 12.262 12.061 12.293 12.541 12.824 12.100  0.027  0.426  0.393 12.527 12.556 12.596 12.614 4.871E+08
 15000. 8.5  0.926 10.840 -1.214 11.343 12.144 12.054 12.133 12.191 12.406 12.440 12.499 12.182 11.996 12.242 12.499 12.786 12.045  0.017  0.410  0.377 12.502 12.531 12.571 12.590 4.439E+08
 15500. 8.5  0.927 10.697 -1.301 11.259 12.074 11.998 12.083 12.149 12.373 12.410 12.471 12.098 11.931 12.191 12.454 12.747 11.990  0.007  0.390  0.357 12.476 12.505 12.546 12.565 4.060E+08
 16000. 8.5  0.927 10.558 -1.386 11.174 12.005 11.945 12.034 12.106 12.339 12.380 12.442 12.014 11.867 12.140 12.410 12.706 11.937 -0.002  0.365  0.336 12.450 12.479 12.521 12.541 3.723E+08
 16500. 8.5  0.928 10.424 -1.469 11.090 11.938 11.893 11.986 12.064 12.304 12.350 12.413 11.930 11.806 12.091 12.366 12.666 11.886 -0.010  0.339  0.315 12.423 12.453 12.495 12.516 3.419E+08
 17000. 8.5  0.929 10.294 -1.549 11.007 11.873 11.843 11.939 12.022 12.270 12.319 12.384 11.847 11.747 12.043 12.323 12.626 11.837 -0.017  0.311  0.294 12.396 12.426 12.470 12.492 3.145E+08
 20000. 8.5  0.932  9.584 -1.984 10.557 11.526 11.568 11.678 11.787 12.074 12.139 12.214 11.397 11.428 11.776 12.082 12.399 11.565 -0.048  0.157  0.189 12.239 12.274 12.329 12.361 1.966E+08
 25000. 8.5  0.938  8.608 -2.563  9.943 11.042 11.171 11.300 11.441 11.778 11.865 11.955 10.785 10.979 11.392 11.727 12.062 11.173 -0.083 -0.036  0.065 12.000 12.046 12.122 12.163 9.664E+07
 30000. 8.5  0.944  7.810 -2.987  9.401 10.596 10.796 10.938 11.100 11.478 11.582 11.684 10.244 10.562 11.024 11.380 11.730 10.801 -0.107 -0.187 -0.037 11.743 11.794 11.868 11.895 4.695E+07
 35000. 8.5  0.954  7.128 -3.370  9.000 10.248 10.499 10.643 10.817 11.212 11.324 11.427  9.844 10.233 10.727 11.095 11.449 10.506 -0.123 -0.278 -0.109 11.485 11.527 11.575 11.569 2.478E+07
 40000. 8.5  0.960  6.541 -3.771  8.764 10.038 10.312 10.460 10.639 11.041 11.156 11.259  9.608 10.033 10.541 10.916 11.272 10.321 -0.129 -0.324 -0.143 11.316 11.355 11.394 11.376 9.758E+06
 45000. 8.5  0.966  6.023 -4.152  8.596  9.887 10.176 10.325 10.508 10.915 11.031 11.133  9.440  9.887 10.405 10.784 11.142 10.185 -0.133 -0.352 -0.165 11.190 11.227 11.260 11.234 4.045E+06
 50000. 8.5  0.972  5.559 -4.506  8.464  9.766 10.065 10.215 10.402 10.811 10.929 11.031  9.308  9.770 10.295 10.677 11.036 10.075 -0.137 -0.372 -0.180 11.087 11.123 11.151 11.120 2.016E+06
 55000. 8.5  0.977  5.140 -4.832  8.353  9.663  9.971 10.123 10.311 10.723 10.842 10.943  9.197  9.670 10.202 10.586 10.946  9.982 -0.139 -0.388 -0.192 10.999 11.034 11.058 11.023 1.256E+06
 60000. 8.5  0.982  4.756 -5.132  8.256  9.573  9.888 10.040 10.230 10.644 10.764 10.865  9.100  9.583 10.119 10.505 10.866  9.899 -0.141 -0.400 -0.202 10.920 10.955 10.975 10.939 9.136E+05
 65000. 8.5  0.987  4.403 -5.411  8.169  9.493  9.813  9.966 10.158 10.573 10.694 10.795  9.014  9.504 10.044 10.432 10.794  9.824 -0.143 -0.410 -0.210 10.849 10.883 10.901 10.864 7.222E+05
 70000. 8.5  0.992  4.076 -5.669  8.091  9.419  9.745  9.898 10.091 10.508 10.629 10.730  8.936  9.432  9.976 10.365 10.727  9.756 -0.145 -0.419 -0.217 10.784 10.817 10.834 10.797 6.018E+05
 75000. 8.5  0.997  3.770 -5.910  8.018  9.351  9.680  9.834 10.029 10.447 10.568 10.670  8.863  9.365  9.912 10.302 10.665  9.692 -0.146 -0.426 -0.223 10.723 10.756 10.771 10.734 5.129E+05
 80000. 8.5  1.002  3.485 -6.136  7.951  9.287  9.621  9.775  9.970 10.390 10.512 10.613  8.796  9.303  9.853 10.244 10.607  9.632 -0.147 -0.433 -0.228 10.666 10.698 10.713 10.677 4.510E+05
 85000. 8.5  1.006  3.217 -6.347  7.888  9.228  9.564  9.719  9.916 10.336 10.458 10.560  8.733  9.245  9.797 10.189 10.553  9.576 -0.148 -0.438 -0.232 10.613 10.644 10.658 10.623 4.114E+05
 90000. 8.5  1.011  2.964 -6.547  7.829  9.171  9.511  9.667  9.864 10.285 10.408 10.509  8.674  9.189  9.744 10.137 10.501  9.523 -0.149 -0.443 -0.236 10.562 10.593 10.606 10.573 3.859E+05
100000. 8.5  1.019  2.498 -6.914  7.720  9.067  9.411  9.568  9.767 10.189 10.313 10.414  8.565  9.087  9.645 10.039 10.404  9.424 -0.151 -0.452 -0.243 10.466 10.497 10.510 10.479 3.412E+05
110000. 8.5  1.025  2.077 -7.245  7.622  8.973  9.322  9.480  9.680 10.103 10.227 10.329  8.467  8.995  9.556  9.952 10.317  9.335 -0.152 -0.460 -0.249 10.381 10.411 10.425 10.397 2.569E+05
120000. 8.5  1.028  1.696 -7.546  7.535  8.889  9.242  9.400  9.601 10.026 10.151 10.252  8.380  8.912  9.476  9.873 10.240  9.255 -0.154 -0.466 -0.254 10.304 10.334 10.350 10.325 1.383E+05
130000. 8.5  1.028  1.348 -7.822  7.457  8.815  9.170  9.329  9.532  9.958 10.083 10.184  8.302  8.838  9.405  9.803 10.170  9.183 -0.155 -0.471 -0.259 10.236 10.266 10.283 10.262 5.045E+04
140000. 8.5  1.025  1.030 -8.077  7.387  8.748  9.106  9.266  9.469  9.896 10.022 10.123  8.233  8.772  9.341  9.740 10.108  9.119 -0.156 -0.476 -0.262 10.175 10.205 10.224 10.206 1.317E+04
  1500. 9.0  1.194 21.814  1.040 22.311 21.755 20.775 21.097 23.392 23.162 22.964 24.905 23.155 21.200 20.957 23.611 23.145 20.717  0.685  2.377  1.593 19.637 18.890 17.991 17.030 7.334E+09
  1750. 9.0  1.194 21.145  0.920 21.879 21.326 20.225 20.424 22.179 22.029 21.979 23.464 22.721 20.726 20.300 22.485 22.105 20.168  0.785  2.377  1.735 19.079 18.406 17.613 16.778 7.314E+09
  2000. 9.0  1.194 20.565  0.833 21.415 20.916 19.732 19.751 20.986 20.905 20.982 22.048 22.254 20.302 19.655 21.343 21.066 19.685  0.860  2.296  1.804 18.513 17.927 17.210 16.497 7.290E+09
  2250. 9.0  1.194 20.054  0.689 21.001 20.569 19.364 19.205 20.028 20.054 20.232 21.023 21.837 19.963 19.148 20.393 20.222 19.330  0.880  2.195  1.795 18.083 17.565 16.899 16.269 7.269E+09
  2500. 9.0  1.194 19.596  0.524 20.625 20.260 19.072 18.764 19.219 19.336 19.596 20.195 21.459 19.671 18.761 19.593 19.498 19.047  0.869  2.095  1.750 17.717 17.259 16.635 16.067 7.247E+09
  2750. 9.0  1.194 19.182  0.360 20.280 19.977 18.823 18.397 18.535 18.704 19.029 19.484 21.111 19.408 18.458 18.928 18.877 18.803  0.845  2.000  1.692 17.389 16.983 16.395 15.877 7.224E+09
  3000. 9.0  1.194 18.804  0.201 19.966 19.719 18.603 18.087 17.956 18.141 18.506 18.854 20.796 19.170 18.213 18.377 18.339 18.586  0.819  1.915  1.635 17.086 16.729 16.168 15.694 7.197E+09
  3250. 9.0  1.194 18.457  0.054 19.680 19.481 18.403 17.820 17.472 17.624 18.005 18.272 20.508 18.950 18.005 17.930 17.873 18.387  0.794  1.840  1.581 16.795 16.483 15.945 15.512 7.165E+09
  3500. 9.0  1.194 18.135 -0.077 19.411 19.256 18.212 17.588 17.086 17.132 17.511 17.721 20.239 18.740 17.817 17.581 17.481 18.197  0.770  1.775  1.533 16.510 16.240 15.720 15.329 7.126E+09
  3750. 9.0  1.194 17.835 -0.183 19.136 19.024 18.019 17.382 16.796 16.674 17.006 17.173 19.962 18.524 17.634 17.314 17.171 18.003  0.744  1.709  1.482 16.204 15.974 15.479 15.133 7.073E+09
  4000. 9.0  1.194 17.555 -0.263 18.848 18.782 17.818 17.190 16.576 16.265 16.516 16.640 19.673 18.300 17.449 17.104 16.934 17.802  0.716  1.640  1.427 15.890 15.691 15.234 14.950 6.998E+09
  4250. 9.0  1.194 17.292 -0.310 18.535 18.519 17.602 16.997 16.389 15.927 16.062 16.136 19.359 18.057 17.254 16.915 16.741 17.586  0.685  1.564  1.365 15.575 15.398 15.001 14.808 6.905E+09
  4500. 9.0  1.194 17.043 -0.325 18.194 18.234 17.369 16.795 16.211 15.675 15.667 15.706 19.017 17.793 17.044 16.729 16.568 17.353  0.649  1.479  1.296 15.286 15.127 14.815 14.713 6.781E+09
  4750. 9.0  1.194 16.808 -0.315 17.834 17.933 17.124 16.585 16.033 15.488 15.345 15.358 18.656 17.515 16.825 16.541 16.400 17.108  0.612  1.389  1.223 15.039 14.902 14.688 14.638 6.649E+09
  5000. 9.0  1.194 16.586 -0.291 17.467 17.628 16.876 16.374 15.857 15.339 15.105 15.070 18.289 17.233 16.604 16.354 16.237 16.861  0.573  1.296  1.148 14.836 14.727 14.599 14.576 6.494E+09
  5250. 9.0  1.194 16.374 -0.258 17.101 17.325 16.632 16.167 15.686 15.207 14.935 14.870 17.922 16.954 16.387 16.170 16.078 16.617  0.534  1.202  1.071 14.691 14.613 14.533 14.523 6.310E+09
  5500. 9.0  1.194 16.171 -0.228 16.751 17.035 16.399 15.970 15.523 15.086 14.807 14.731 17.572 16.688 16.181 15.997 15.928 16.384  0.496  1.110  0.997 14.588 14.531 14.478 14.473 6.048E+09
  6000. 9.0  1.195 15.793 -0.187 16.119 16.514 15.980 15.616 15.230 14.871 14.613 14.549 16.939 16.208 15.812 15.684 15.658 15.966  0.428  0.944  0.865 14.445 14.411 14.386 14.387 5.102E+09
  6500. 9.0  1.195 15.445 -0.176 15.577 16.069 15.621 15.313 14.979 14.687 14.458 14.415 16.398 15.797 15.498 15.415 15.427 15.608  0.369  0.802  0.753 14.337 14.317 14.312 14.313 4.404E+09
  7000. 9.0  1.196 15.123 -0.196 15.115 15.693 15.319 15.060 14.770 14.533 14.331 14.307 15.937 15.451 15.235 15.192 15.233 15.307  0.318  0.679  0.660 14.251 14.244 14.253 14.246 4.003E+09
  7500. 9.0  1.196 14.823 -0.232 14.724 15.370 15.055 14.838 14.587 14.400 14.222 14.215 15.547 15.152 15.005 14.996 15.064 15.044  0.274  0.582  0.586 14.179 14.182 14.195 14.181 3.677E+09
  8000. 9.0  1.196 14.543 -0.271 14.388 15.084 14.814 14.632 14.415 14.277 14.126 14.133 15.212 14.882 14.792 14.813 14.906 14.804  0.238  0.514  0.534 14.111 14.121 14.133 14.118 3.386E+09
  8500. 9.0  1.196 14.279 -0.309 14.097 14.827 14.588 14.438 14.253 14.163 14.038 14.055 14.923 14.637 14.592 14.640 14.756 14.579  0.209  0.471  0.499 14.043 14.058 14.070 14.058 3.113E+09
  9000. 9.0  1.196 14.031 -0.344 13.840 14.592 14.375 14.254 14.097 14.055 13.954 13.980 14.667 14.409 14.402 14.475 14.612 14.366  0.184  0.446  0.478 13.974 13.993 14.009 14.000 2.864E+09
  9500. 9.0  1.197 13.796 -0.377 13.610 14.375 14.173 14.078 13.950 13.953 13.874 13.907 14.438 14.198 14.222 14.317 14.477 14.163  0.163  0.434  0.467 13.905 13.928 13.949 13.943 2.643E+09
 10000. 9.0  1.197 13.573 -0.410 13.401 14.176 13.983 13.914 13.811 13.857 13.798 13.836 14.231 14.001 14.053 14.169 14.350 13.973  0.146  0.428  0.463 13.837 13.863 13.891 13.889 2.444E+09
 10500. 9.0  1.197 13.361 -0.447 13.211 13.994 13.808 13.762 13.684 13.768 13.727 13.770 14.041 13.821 13.897 14.033 14.233 13.797  0.132  0.425  0.462 13.770 13.799 13.833 13.836 2.260E+09
 11000. 9.0  1.197 13.159 -0.492 13.038 13.830 13.651 13.626 13.571 13.689 13.662 13.709 13.870 13.659 13.758 13.912 14.131 13.639  0.120  0.419  0.460 13.708 13.738 13.776 13.784 2.089E+09
 11500. 9.0  1.197 12.965 -0.552 12.885 13.688 13.517 13.512 13.476 13.620 13.606 13.655 13.718 13.520 13.640 13.810 14.044 13.504  0.109  0.408  0.455 13.654 13.684 13.726 13.738 1.933E+09
 12000. 9.0  1.198 12.780 -0.624 12.749 13.566 13.404 13.415 13.397 13.561 13.556 13.608 13.582 13.401 13.540 13.725 13.971 13.391  0.099  0.393  0.446 13.608 13.639 13.684 13.700 1.793E+09
 12500. 9.0  1.198 12.603 -0.704 12.625 13.457 13.307 13.331 13.327 13.510 13.512 13.567 13.459 13.297 13.454 13.651 13.907 13.294  0.089  0.375  0.434 13.568 13.600 13.649 13.668 1.665E+09
 13000. 9.0  1.198 12.432 -0.789 12.513 13.360 13.221 13.258 13.267 13.464 13.473 13.530 13.348 13.204 13.377 13.587 13.851 13.208  0.079  0.357  0.422 13.532 13.566 13.618 13.638 1.546E+09
 13500. 9.0  1.198 12.268 -0.878 12.415 13.275 13.146 13.194 13.215 13.424 13.439 13.498 13.250 13.122 13.312 13.531 13.803 13.133  0.069  0.342  0.411 13.502 13.536 13.590 13.612 1.434E+09
 14000. 9.0  1.199 12.110 -0.975 12.335 13.204 13.085 13.142 13.173 13.392 13.411 13.472 13.171 13.054 13.258 13.487 13.765 13.072  0.061  0.330  0.402 13.478 13.512 13.566 13.589 1.330E+09
 14500. 9.0  1.199 11.957 -1.080 12.273 13.149 13.038 13.102 13.142 13.367 13.390 13.452 13.109 13.002 13.216 13.453 13.735 13.025  0.053  0.322  0.394 13.459 13.493 13.546 13.568 1.232E+09
 15000. 9.0  1.199 11.810 -1.184 12.214 13.097 12.993 13.065 13.112 13.343 13.369 13.432 13.051 12.953 13.178 13.421 13.707 12.981  0.046  0.313  0.386 13.440 13.474 13.526 13.549 1.142E+09
 15500. 9.0  1.199 11.667 -1.279 12.151 13.041 12.946 13.025 13.079 13.317 13.347 13.411 12.987 12.899 13.136 13.387 13.677 12.934  0.038  0.304  0.377 13.421 13.454 13.505 13.528 1.059E+09
 16000. 9.0  1.199 11.529 -1.367 12.081 12.982 12.897 12.982 13.045 13.290 13.323 13.389 12.919 12.843 13.092 13.350 13.644 12.884  0.029  0.292  0.365 13.399 13.433 13.483 13.506 9.812E+08
 16500. 9.0  1.200 11.395 -1.451 12.009 12.920 12.846 12.938 13.008 13.260 13.297 13.365 12.847 12.785 13.046 13.311 13.610 12.835  0.020  0.276  0.351 13.377 13.411 13.460 13.484 9.086E+08
 17000. 9.0  1.200 11.266 -1.531 11.934 12.858 12.797 12.893 12.970 13.230 13.271 13.340 12.773 12.727 13.000 13.272 13.574 12.786  0.011  0.258  0.334 13.354 13.388 13.437 13.462 8.403E+08
 20000. 9.0  1.201 10.558 -1.967 11.501 12.510 12.526 12.639 12.744 13.042 13.101 13.179 12.341 12.409 12.739 13.038 13.357 12.520 -0.028  0.125  0.227 13.205 13.243 13.302 13.335 5.130E+08
 25000. 9.0  1.204  9.587 -2.547 10.896 12.024 12.134 12.266 12.404 12.751 12.833 12.925 11.737 11.960 12.360 12.689 13.027 12.133 -0.068 -0.059  0.091 12.971 13.019 13.097 13.138 2.528E+08
 30000. 9.0  1.206  8.794 -2.972 10.362 11.577 11.765 11.909 12.069 12.453 12.553 12.657 11.205 11.543 11.996 12.349 12.699 11.768 -0.097 -0.203 -0.023 12.717 12.769 12.844 12.871 1.489E+08
 35000. 9.0  1.205  8.125 -3.364  9.987 11.246 11.488 11.635 11.807 12.206 12.316 12.420 10.830 11.231 11.719 12.085 12.440 11.495 -0.118 -0.285 -0.100 12.480 12.523 12.576 12.576 1.116E+08
 40000. 9.0  1.208  7.543 -3.768  9.761 11.043 11.311 11.459 11.638 12.043 12.157 12.260 10.604 11.037 11.542 11.914 12.271 11.318 -0.125 -0.329 -0.136 12.320 12.361 12.406 12.396 7.077E+07
 45000. 9.0  1.210  7.029 -4.152  9.600 10.897 11.181 11.331 11.514 11.923 12.039 12.142 10.444 10.897 11.413 11.789 12.148 11.190 -0.130 -0.356 -0.159 12.201 12.241 12.281 12.264 4.614E+07
 50000. 9.0  1.212  6.570 -4.507  9.474 10.781 11.077 11.228 11.414 11.826 11.944 12.047 10.318 10.786 11.309 11.689 12.049 11.086 -0.134 -0.376 -0.176 12.105 12.144 12.179 12.157 2.818E+07
 55000. 9.0  1.214  6.154 -4.835  9.369 10.684 10.988 11.141 11.328 11.743 11.862 11.965 10.213 10.691 11.220 11.603 11.964 10.998 -0.136 -0.390 -0.188 12.023 12.061 12.093 12.067 1.438E+07
 60000. 9.0  1.217  5.774 -5.136  9.277 10.598 10.910 11.063 11.253 11.669 11.789 11.892 10.121 10.608 11.142 11.527 11.889 10.920 -0.139 -0.402 -0.198 11.950 11.987 12.017 11.989 5.487E+06
 65000. 9.0  1.220  5.423 -5.416  9.194 10.521 10.839 10.993 11.184 11.602 11.723 11.826 10.039 10.533 11.072 11.458 11.821 10.849 -0.141 -0.412 -0.207 11.884 11.920 11.948 11.918 1.821E+06
 70000. 9.0  1.222  5.099 -5.675  9.120 10.452 10.775 10.929 11.122 11.541 11.663 11.766  9.965 10.465 11.007 11.396 11.759 10.785 -0.143 -0.421 -0.214 11.823 11.859 11.885 11.854 9.915E+05
 75000. 9.0  1.224  4.798 -5.918  9.053 10.388 10.716 10.871 11.065 11.485 11.608 11.711  9.898 10.403 10.949 11.338 11.702 10.726 -0.144 -0.428 -0.220 11.768 11.803 11.827 11.796 7.257E+05
 80000. 9.0  1.226  4.516 -6.144  8.990 10.329 10.660 10.816 11.011 11.433 11.556 11.659  9.835 10.345 10.894 11.284 11.649 10.671 -0.146 -0.434 -0.226 11.716 11.751 11.774 11.743 5.943E+05
 85000. 9.0  1.228  4.251 -6.357  8.932 10.273 10.608 10.764 10.961 11.383 11.507 11.610  9.777 10.291 10.842 11.234 11.598 10.619 -0.147 -0.440 -0.231 11.667 11.702 11.724 11.693 4.901E+05
 90000. 9.0  1.229  4.002 -6.558  8.877 10.221 10.560 10.716 10.914 11.337 11.461 11.564  9.722 10.240 10.793 11.186 11.551 10.571 -0.148 -0.445 -0.235 11.621 11.655 11.677 11.646 3.598E+05
100000. 9.0  1.227  3.546 -6.927  8.781 10.130 10.473 10.631 10.830 11.255 11.380 11.483  9.626 10.150 10.708 11.102 11.468 10.485 -0.150 -0.453 -0.242 11.539 11.573 11.593 11.564 8.610E+04
110000. 9.0  1.215  3.143 -7.261  8.703 10.056 10.404 10.562 10.763 11.189 11.315 11.418  9.548 10.078 10.639 11.035 11.401 10.416 -0.152 -0.461 -0.248 11.474 11.507 11.527 11.500 4.321E+03
120000. 9.0  1.192  2.785 -7.565  8.642  9.998 10.350 10.509 10.711 11.139 11.265 11.368  9.487 10.021 10.585 10.983 11.350 10.362 -0.153 -0.467 -0.253 11.424 11.457 11.477 11.452 5.699E+01
130000. 9.0  1.163  2.465 -7.843  8.593  9.952 10.307 10.467 10.670 11.099 11.226 11.329  9.439  9.976 10.543 10.942 11.309 10.320 -0.154 -0.472 -0.258 11.385 11.418 11.438 11.415 7.305E-01
140000. 9.0  1.133  2.171 -8.100  8.551  9.912 10.270 10.431 10.635 11.065 11.192 11.296  9.396  9.937 10.506 10.906 11.274 10.283 -0.155 -0.477 -0.262 11.351 11.384 11.405 11.385 5.296E-02
  1500. 9.5  1.365 22.919  0.876 23.261 22.859 22.043 22.407 24.749 24.349 24.071 25.913 24.099 22.381 22.265 24.974 24.476 21.991  0.573  2.133  1.356 20.720 19.970 19.070 18.120 3.500E+09
  1750. 9.5  1.365 22.250  0.878 22.795 22.337 21.371 21.631 23.409 23.118 23.011 24.392 23.634 21.791 21.507 23.723 23.326 21.317  0.679  2.227  1.559 20.124 19.456 18.670 17.850 3.499E+09
  2000. 9.5  1.365 21.670  0.835 22.361 21.924 20.835 20.932 22.216 22.024 22.069 23.093 23.198 21.342 20.833 22.580 22.284 20.783  0.787  2.200  1.690 19.599 19.013 18.297 17.590 3.489E+09
  2250. 9.5  1.365 21.158  0.715 21.976 21.587 20.443 20.360 21.237 21.178 21.324 22.083 22.810 21.001 20.297 21.614 21.417 20.403  0.836  2.128  1.725 19.171 18.654 17.989 17.363 3.475E+09
  2500. 9.5  1.365 20.701  0.564 21.616 21.284 20.137 19.895 20.419 20.477 20.696 21.269 22.449 20.709 19.879 20.802 20.686 20.108  0.841  2.043  1.703 18.808 18.351 17.729 17.162 3.463E+09
  2750. 9.5  1.365 20.287  0.408 21.277 21.002 19.878 19.511 19.730 19.856 20.149 20.589 22.107 20.445 19.552 20.123 20.061 19.856  0.825  1.956  1.656 18.493 18.086 17.499 16.980 3.454E+09
  3000. 9.5  1.365 19.909  0.261 20.955 20.736 19.648 19.186 19.148 19.307 19.647 19.990 21.784 20.198 19.287 19.560 19.524 19.630  0.800  1.872  1.599 18.205 17.844 17.284 16.807 3.449E+09
  3250. 9.5  1.365 19.561  0.126 20.648 20.482 19.435 18.904 18.656 18.813 19.178 19.447 21.476 19.963 19.062 19.094 19.058 19.418  0.773  1.791  1.541 17.935 17.616 17.077 16.639 3.444E+09
  3500. 9.5  1.365 19.239  0.006 20.357 20.240 19.233 18.658 18.246 18.350 18.719 18.934 21.184 19.739 18.861 18.717 18.656 19.217  0.745  1.717  1.486 17.667 17.389 16.868 16.468 3.440E+09
  3750. 9.5  1.365 18.940 -0.099 20.083 20.009 19.039 18.441 17.921 17.905 18.254 18.433 20.909 19.524 18.674 18.419 18.318 19.023  0.721  1.652  1.436 17.397 17.157 16.654 16.294 3.438E+09
  4000. 9.5  1.365 18.660 -0.183 19.807 19.775 18.843 18.243 17.672 17.489 17.782 17.925 20.632 19.306 18.491 18.185 18.050 18.827  0.695  1.588  1.385 17.102 16.895 16.422 16.112 3.436E+09
  4250. 9.5  1.365 18.396 -0.243 19.519 19.531 18.639 18.054 17.472 17.122 17.327 17.431 20.342 19.079 18.304 17.989 17.838 18.624  0.668  1.521  1.331 16.799 16.615 16.189 15.955 3.435E+09
  4500. 9.5  1.365 18.148 -0.274 19.206 19.267 18.422 17.862 17.294 16.831 16.915 16.983 20.029 18.835 18.107 17.807 17.659 18.406  0.636  1.446  1.271 16.505 16.341 15.985 15.845 3.435E+09
  4750. 9.5  1.365 17.913 -0.279 18.872 18.987 18.192 17.662 17.121 16.617 16.565 16.613 19.694 18.575 17.900 17.625 17.493 18.176  0.602  1.365  1.205 16.247 16.101 15.835 15.764 3.410E+09
  5000. 9.5  1.365 17.690 -0.267 18.528 18.700 17.958 17.462 16.951 16.455 16.287 16.290 19.350 18.309 17.690 17.445 17.334 17.942  0.567  1.280  1.135 16.020 15.897 15.729 15.697 3.347E+09
  5250. 9.5  1.365 17.478 -0.246 18.182 18.412 17.724 17.262 16.785 16.319 16.087 16.046 19.003 18.043 17.481 17.268 17.179 17.709  0.530  1.192  1.064 15.845 15.753 15.653 15.640 3.277E+09
  5500. 9.5  1.365 17.276 -0.221 17.843 18.131 17.498 17.070 16.625 16.196 15.941 15.877 18.664 17.784 17.280 17.098 17.032 17.483  0.494  1.105  0.994 15.722 15.656 15.594 15.590 3.210E+09
  6000. 9.5  1.365 16.899 -0.185 17.220 17.617 17.084 16.719 16.335 15.980 15.733 15.670 18.041 17.310 16.914 16.788 16.764 17.070  0.427  0.942  0.863 15.562 15.524 15.496 15.496 3.036E+09
  6500. 9.5  1.365 16.551 -0.175 16.682 17.173 16.725 16.417 16.083 15.794 15.573 15.528 17.503 16.901 16.601 16.519 16.531 16.713  0.370  0.802  0.753 15.447 15.425 15.416 15.419 2.621E+09
  7000. 9.5  1.365 16.229 -0.191 16.221 16.795 16.420 16.159 15.869 15.637 15.441 15.415 17.043 16.553 16.335 16.290 16.332 16.408  0.321  0.682  0.660 15.355 15.345 15.352 15.350 2.450E+09
  7500. 9.5  1.365 15.929 -0.228 15.826 16.473 16.157 15.939 15.686 15.503 15.330 15.321 16.649 16.255 16.107 16.095 16.163 16.147  0.278  0.580  0.584 15.281 15.282 15.296 15.285 2.319E+09
  8000. 9.5  1.366 15.649 -0.273 15.485 16.190 15.922 15.740 15.520 15.383 15.234 15.239 16.309 15.991 15.901 15.918 16.010 15.912  0.242  0.500  0.526 15.215 15.223 15.237 15.224 2.187E+09
  8500. 9.5  1.366 15.385 -0.319 15.190 15.938 15.704 15.554 15.364 15.272 15.146 15.163 16.015 15.753 15.709 15.752 15.866 15.695  0.212  0.444  0.487 15.151 15.164 15.177 15.165 2.080E+09
  9000. 9.5  1.366 15.137 -0.361 14.929 15.708 15.499 15.376 15.214 15.168 15.063 15.090 15.755 15.532 15.526 15.592 15.727 15.489  0.187  0.407  0.462 15.085 15.103 15.118 15.109 1.994E+09
  9500. 9.5  1.366 14.902 -0.400 14.695 15.496 15.303 15.206 15.070 15.068 14.984 15.018 15.522 15.326 15.351 15.439 15.594 15.293  0.168  0.384  0.448 15.019 15.041 15.060 15.055 1.910E+09
 10000. 9.5  1.366 14.679 -0.437 14.483 15.301 15.117 15.045 14.933 14.973 14.908 14.948 15.311 15.134 15.186 15.293 15.468 15.106  0.152  0.369  0.443 14.952 14.978 15.004 15.002 1.825E+09
 10500. 9.5  1.366 14.468 -0.475 14.288 15.120 14.942 14.892 14.804 14.884 14.835 14.879 15.118 14.956 15.030 15.156 15.350 14.930  0.140  0.359  0.442 14.886 14.915 14.949 14.950 1.747E+09
 11000. 9.5  1.366 14.265 -0.516 14.111 14.955 14.782 14.753 14.686 14.802 14.766 14.815 14.941 14.793 14.887 15.030 15.241 14.769  0.130  0.350  0.442 14.820 14.852 14.893 14.899 1.685E+09
 11500. 9.5  1.366 14.072 -0.567 13.951 14.807 14.639 14.629 14.582 14.728 14.705 14.755 14.782 14.647 14.760 14.919 15.146 14.625  0.121  0.339  0.441 14.760 14.793 14.837 14.849 1.632E+09
 12000. 9.5  1.366 13.887 -0.631 13.808 14.679 14.518 14.523 14.494 14.664 14.650 14.703 14.640 14.522 14.651 14.825 15.065 14.504  0.114  0.324  0.435 14.707 14.741 14.790 14.806 1.579E+09
 12500. 9.5  1.366 13.710 -0.705 13.679 14.566 14.415 14.433 14.418 14.607 14.601 14.657 14.512 14.412 14.559 14.744 14.996 14.400  0.106  0.304  0.424 14.662 14.696 14.750 14.770 1.522E+09
 13000. 9.5  1.366 13.540 -0.784 13.561 14.464 14.324 14.354 14.352 14.557 14.558 14.616 14.394 14.315 14.477 14.674 14.934 14.308  0.098  0.284  0.412 14.621 14.657 14.715 14.739 1.463E+09
 13500. 9.5  1.366 13.376 -0.867 13.453 14.371 14.242 14.283 14.292 14.511 14.518 14.578 14.287 14.226 14.404 14.611 14.879 14.227  0.090  0.264  0.399 14.586 14.622 14.684 14.711 1.406E+09
 14000. 9.5  1.366 13.218 -0.951 13.355 14.287 14.169 14.219 14.240 14.470 14.482 14.545 14.189 14.146 14.338 14.555 14.830 14.154  0.082  0.245  0.386 14.554 14.592 14.656 14.685 1.356E+09
 14500. 9.5  1.366 13.065 -1.039 13.268 14.213 14.105 14.164 14.194 14.435 14.451 14.516 14.103 14.076 14.281 14.507 14.787 14.089  0.074  0.229  0.375 14.527 14.566 14.631 14.661 1.312E+09
 15000. 9.5  1.366 12.918 -1.133 13.196 14.151 14.051 14.118 14.156 14.405 14.426 14.492 14.032 14.016 14.233 14.467 14.752 14.035  0.068  0.217  0.366 14.506 14.544 14.609 14.639 1.271E+09
 15500. 9.5  1.366 12.776 -1.232 13.139 14.101 14.008 14.081 14.126 14.382 14.405 14.474 13.974 13.969 14.195 14.435 14.724 13.992  0.062  0.207  0.360 14.488 14.527 14.591 14.620 1.231E+09
 16000. 9.5  1.366 12.638 -1.331 13.086 14.056 13.968 14.047 14.099 14.360 14.387 14.456 13.922 13.926 14.160 14.406 14.699 13.953  0.057  0.198  0.353 14.472 14.511 14.573 14.602 1.191E+09
 16500. 9.5  1.367 12.504 -1.424 13.031 14.009 13.928 14.013 14.071 14.338 14.367 14.438 13.868 13.881 14.124 14.376 14.672 13.912  0.051  0.189  0.346 14.455 14.494 14.555 14.583 1.150E+09
 17000. 9.5  1.367 12.374 -1.510 12.972 13.958 13.884 13.975 14.041 14.314 14.346 14.418 13.809 13.832 14.085 14.344 14.644 13.869  0.044  0.178  0.338 14.437 14.476 14.535 14.564 1.110E+09
 20000. 9.5  1.367 11.668 -1.948 12.570 13.623 13.616 13.731 13.831 14.141 14.194 14.274 13.409 13.521 13.834 14.125 14.444 13.605  0.000  0.079  0.250 14.302 14.341 14.402 14.439 9.368E+08
 25000. 9.5  1.368 10.698 -2.530 11.976 13.134 13.228 13.363 13.496 13.853 13.930 14.024 12.818 13.071 13.458 13.781 14.120 13.223 -0.048 -0.090  0.106 14.072 14.122 14.203 14.245 6.892E+08
 30000. 9.5  1.369  9.906 -2.956 11.449 12.684 12.862 13.007 13.164 13.554 13.652 13.755 12.291 12.651 13.096 13.444 13.794 12.862 -0.082 -0.226 -0.016 13.817 13.869 13.945 13.973 3.744E+08
 35000. 9.5  1.461  9.166 -3.356 11.017 12.285 12.522 12.671 12.840 13.242 13.351 13.455 11.860 12.272 12.756 13.118 13.473 12.526 -0.110 -0.295 -0.094 13.517 13.562 13.619 13.625 5.502E+08
 40000. 9.5  1.461  8.586 -3.765 10.798 12.087 12.351 12.501 12.678 13.086 13.199 13.303 11.642 12.083 12.585 12.954 13.312 12.357 -0.119 -0.336 -0.132 13.364 13.406 13.457 13.455 6.405E+08
 45000. 9.5  1.460  8.075 -4.151 10.643 11.945 12.226 12.377 12.558 12.970 13.086 13.190 11.487 11.947 12.459 12.834 13.193 12.233 -0.125 -0.362 -0.156 13.250 13.292 13.339 13.331 5.451E+08
 50000. 9.5  1.460  7.617 -4.508 10.521 11.833 12.125 12.278 12.462 12.877 12.994 13.098 11.365 11.838 12.359 12.737 13.097 12.133 -0.129 -0.380 -0.172 13.159 13.199 13.243 13.231 3.184E+08
 55000. 9.5  1.461  7.203 -4.837 10.418 11.737 12.039 12.193 12.380 12.796 12.915 13.019 11.263 11.746 12.273 12.654 13.015 12.048 -0.132 -0.395 -0.186 13.080 13.120 13.161 13.145 1.167E+08
 60000. 9.5  1.461  6.825 -5.139 10.330 11.654 11.964 12.118 12.307 12.726 12.846 12.950 11.174 11.665 12.198 12.581 12.944 11.973 -0.135 -0.406 -0.196 13.010 13.050 13.089 13.070 2.443E+07
 65000. 9.5  1.463  6.475 -5.420 10.250 11.579 11.895 12.050 12.241 12.661 12.782 12.887 11.094 11.592 12.129 12.515 12.877 11.904 -0.137 -0.416 -0.205 12.947 12.986 13.023 13.002 4.000E+06
 70000. 9.5  1.463  6.153 -5.680 10.179 11.512 11.834 11.989 12.182 12.603 12.726 12.830 11.023 11.527 12.068 12.455 12.819 11.843 -0.140 -0.424 -0.212 12.890 12.929 12.964 12.942 1.566E+06
 75000. 9.5  1.462  5.855 -5.923 10.115 11.452 11.778 11.934 12.128 12.551 12.674 12.778 10.959 11.468 12.013 12.401 12.765 11.788 -0.141 -0.431 -0.219 12.839 12.877 12.911 12.888 9.878E+05
 80000. 9.5  1.462  5.575 -6.151 10.055 11.395 11.725 11.882 12.077 12.501 12.625 12.730 10.900 11.412 11.960 12.350 12.715 11.736 -0.143 -0.437 -0.224 12.790 12.828 12.860 12.836 7.476E+05
 85000. 9.5  1.461  5.312 -6.365  9.999 11.343 11.676 11.834 12.030 12.455 12.579 12.684 10.844 11.361 11.912 12.302 12.668 11.687 -0.144 -0.442 -0.229 12.744 12.782 12.813 12.789 5.774E+05
 90000. 9.5  1.459  5.065 -6.566  9.949 11.294 11.632 11.789 11.987 12.412 12.538 12.642 10.794 11.314 11.867 12.259 12.625 11.642 -0.146 -0.447 -0.234 12.702 12.740 12.771 12.746 3.708E+05
100000. 9.5  1.445  4.619 -6.938  9.863 11.213 11.556 11.715 11.914 12.341 12.467 12.572 10.708 11.234 11.792 12.186 12.552 11.567 -0.148 -0.456 -0.241 12.632 12.669 12.698 12.673 3.709E+04
110000. 9.5  1.410  4.231 -7.273  9.802 11.156 11.504 11.663 11.864 12.293 12.420 12.525 10.648 11.179 11.740 12.136 12.503 11.515 -0.150 -0.462 -0.247 12.585 12.622 12.649 12.625 1.428E+02
120000. 9.5  1.353  3.898 -7.578  9.768 11.125 11.476 11.636 11.838 12.269 12.397 12.502 10.613 11.149 11.713 12.110 12.478 11.488 -0.152 -0.468 -0.253 12.562 12.598 12.625 12.602 1.314E-02
130000. 9.5  1.282  3.609 -7.859  9.753 11.113 11.468 11.628 11.832 12.263 12.392 12.497 10.598 11.137 11.704 12.103 12.471 11.479 -0.153 -0.474 -0.257 12.557 12.593 12.620 12.598 3.910E-07
140000. 9.5  1.213  3.347 -8.117  9.744 11.106 11.464 11.625 11.830 12.263 12.391 12.497 10.589 11.132 11.701 12.101 12.470 11.476 -0.154 -0.478 -0.261 12.557 12.593 12.620 12.599 8.472E-10