    5   48  Pure helium grid   Wed Dec  7 18:46:24 2011
 Teff  log g  M/Mo  Mbol     V    FUV    NUV     Age
  3500. 7.0  0.150 15.387 17.190 37.049 27.078 2.902E+09
  3750. 7.0  0.151 15.083 16.515 35.089 25.729 2.792E+09
  4000. 7.0  0.151 14.797 15.912 33.325 24.500 2.489E+09
  4250. 7.0  0.152 14.526 15.371 31.720 23.366 2.193E+09
  4500. 7.0  0.153 14.271 14.888 30.234 22.302 1.955E+09
  4750. 7.0  0.155 14.026 14.457 28.825 21.282 1.737E+09
  5000. 7.0  0.157 13.791 14.077 27.452 20.288 1.546E+09
  5250. 7.0  0.159 13.564 13.749 26.099 19.327 1.376E+09
  5500. 7.0  0.161 13.344 13.466 24.784 18.432 1.226E+09
  6000. 7.0  0.167 12.930 13.002 22.369 16.918 9.877E+08
  6500. 7.0  0.171 12.556 12.628 20.407 15.792 8.250E+08
  7000. 7.0  0.175 12.208 12.303 18.833 14.932 6.926E+08
  7500. 7.0  0.180 11.881 12.013 17.557 14.241 5.817E+08
  8000. 7.0  0.184 11.574 11.753 16.498 13.654 4.898E+08
  8500. 7.0  0.189 11.283 11.511 15.742 13.162 4.142E+08
  9000. 7.0  0.194 11.007 11.298 14.994 12.701 3.520E+08
  9500. 7.0  0.199 10.745 11.112 14.328 12.283 3.010E+08
 10000. 7.0  0.202 10.503 10.957 13.728 11.906 2.601E+08
 11000. 7.0  0.208 10.058 10.669 12.792 11.294 1.995E+08
 12000. 7.0  0.214  9.653 10.421 12.030 10.789 1.551E+08
 13000. 7.0  0.219  9.279 10.198 11.393 10.365 1.219E+08
 14000. 7.0  0.224  8.933  9.991 10.852 10.005 9.653E+07
 15000. 7.0  0.229  8.609  9.798 10.384  9.693 7.714E+07
 16000. 7.0  0.234  8.306  9.622  9.975  9.420 6.245E+07
 17000. 7.0  0.238  8.021  9.468  9.614  9.180 5.145E+07
 18000. 7.0  0.238  7.773  9.355  9.314  8.988 6.029E+07
 19000. 7.0  0.243  7.518  9.243  9.031  8.803 5.224E+07
 20000. 7.0  0.247  7.275  9.159  8.798  8.659 4.561E+07
 21000. 7.0  0.252  7.042  9.109  8.653  8.579 4.009E+07
 22000. 7.0  0.257  6.820  9.068  8.522  8.514 3.545E+07
 23000. 7.0  0.261  6.608  9.015  8.361  8.424 3.153E+07
 24000. 7.0  0.266  6.403  8.943  8.188  8.301 2.819E+07
 25000. 7.0  0.271  6.206  8.866  8.023  8.169 2.532E+07
 26000. 7.0  0.276  6.016  8.790  7.866  8.041 2.284E+07
 27000. 7.0  0.281  5.833  8.716  7.715  7.917 2.069E+07
 28000. 7.0  0.286  5.656  8.644  7.569  7.797 1.881E+07
 29000. 7.0  0.291  5.485  8.573  7.427  7.681 1.716E+07
 30000. 7.0  0.296  5.319  8.503  7.289  7.568 1.571E+07
 31000. 7.0  0.301  5.158  8.435  7.154  7.457 1.442E+07
 32000. 7.0  0.306  5.002  8.367  7.021  7.348 1.328E+07
 33000. 7.0  0.311  4.851  8.300  6.889  7.242 1.225E+07
 34000. 7.0  0.316  4.704  8.234  6.759  7.138 1.134E+07
 35000. 7.0  0.321  4.561  8.168  6.628  7.034 1.052E+07
 36000. 7.0  0.326  4.421  8.102  6.497  6.931 9.777E+06
 37000. 7.0  0.331  4.286  8.037  6.365  6.828 9.107E+06
 38000. 7.0  0.336  4.154  7.970  6.231  6.724 8.500E+06
 39000. 7.0  0.341  4.026  7.902  6.096  6.617 7.947E+06
 40000. 7.0  0.346  3.900  7.833  5.961  6.508 7.443E+06
  3500. 7.5  0.313 15.839 17.313 36.896 26.853 5.306E+09
  3750. 7.5  0.313 15.538 16.699 34.942 25.533 4.366E+09
  4000. 7.5  0.313 15.257 16.158 33.185 24.339 3.845E+09
  4250. 7.5  0.314 14.992 15.678 31.582 23.243 3.428E+09
  4500. 7.5  0.314 14.743 15.252 30.105 22.228 3.027E+09
  4750. 7.5  0.315 14.506 14.874 28.723 21.278 2.641E+09
  5000. 7.5  0.316 14.281 14.539 27.404 20.375 2.337E+09
  5250. 7.5  0.316 14.066 14.245 26.117 19.509 2.079E+09
  5500. 7.5  0.317 13.860 13.986 24.850 18.689 1.829E+09
  6000. 7.5  0.321 13.470 13.553 22.483 17.275 1.319E+09
  6500. 7.5  0.323 13.114 13.199 20.520 16.205 1.062E+09
  7000. 7.5  0.325 12.786 12.896 19.045 15.411 8.905E+08
  7500. 7.5  0.327 12.480 12.626 17.894 14.775 7.556E+08
  8000. 7.5  0.329 12.194 12.385 16.956 14.237 6.466E+08
  8500. 7.5  0.331 11.924 12.160 16.305 13.784 5.572E+08
  9000. 7.5  0.333 11.669 11.970 15.594 13.346 4.830E+08
  9500. 7.5  0.335 11.427 11.793 14.999 12.970 4.207E+08
 10000. 7.5  0.337 11.198 11.655 14.407 12.599 3.679E+08
 11000. 7.5  0.341 10.773 11.387 13.502 12.008 2.838E+08
 12000. 7.5  0.344 10.385 11.158 12.762 11.519 2.207E+08
 13000. 7.5  0.347 10.028 10.955 12.143 11.109 1.723E+08
 14000. 7.5  0.350  9.697 10.767 11.617 10.761 1.355E+08
 15000. 7.5  0.353  9.388 10.590 11.163 10.461 1.072E+08
 16000. 7.5  0.356  9.098 10.426 10.768 10.199 8.556E+07
 17000. 7.5  0.359  8.825 10.278 10.419  9.967 6.913E+07
 18000. 7.5  0.363  8.567 10.151 10.108  9.762 5.662E+07
 19000. 7.5  0.366  8.322 10.042  9.832  9.580 4.696E+07
 20000. 7.5  0.369  8.090  9.953  9.590  9.423 3.945E+07
 21000. 7.5  0.372  7.868  9.886  9.392  9.303 3.588E+07
 22000. 7.5  0.376  7.657  9.848  9.268  9.235 3.237E+07
 23000. 7.5  0.379  7.454  9.817  9.158  9.180 2.719E+07
 24000. 7.5  0.382  7.261  9.779  9.023  9.109 2.298E+07
 25000. 7.5  0.385  7.075  9.727  8.874  9.012 1.987E+07
 26000. 7.5  0.388  6.897  9.667  8.728  8.903 1.748E+07
 27000. 7.5  0.391  6.725  9.606  8.590  8.794 1.554E+07
 28000. 7.5  0.393  6.559  9.546  8.457  8.688 1.393E+07
 29000. 7.5  0.396  6.399  9.487  8.330  8.585 1.256E+07
 30000. 7.5  0.399  6.245  9.429  8.206  8.485 1.136E+07
 31000. 7.5  0.401  6.097  9.374  8.088  8.390 1.864E+07
 32000. 7.5  0.404  5.951  9.318  7.970  8.295 1.743E+07
 33000. 7.5  0.407  5.810  9.262  7.853  8.201 1.632E+07
 34000. 7.5  0.410  5.672  9.207  7.739  8.109 1.531E+07
 35000. 7.5  0.413  5.539  9.152  7.624  8.019 1.438E+07
 36000. 7.5  0.417  5.404  9.093  7.505  7.925 1.331E+07
 37000. 7.5  0.420  5.277  9.038  7.390  7.836 1.253E+07
 38000. 7.5  0.423  5.154  8.983  7.273  7.746 1.183E+07
 39000. 7.5  0.426  5.033  8.927  7.155  7.655 1.119E+07
 40000. 7.5  0.429  4.915  8.870  7.034  7.561 1.059E+07
  3500. 8.0  0.569 16.440 17.699 36.531 26.622 9.361E+09
  3750. 8.0  0.569 16.140 17.129 34.605 25.347 8.876E+09
  4000. 8.0  0.569 15.859 16.629 32.880 24.202 8.345E+09
  4250. 8.0  0.569 15.596 16.185 31.293 23.150 7.750E+09
  4500. 8.0  0.570 15.347 15.795 29.854 22.199 7.165E+09
  4750. 8.0  0.570 15.112 15.446 28.512 21.317 6.606E+09
  5000. 8.0  0.570 14.888 15.134 27.251 20.499 5.978E+09
  5250. 8.0  0.571 14.675 14.856 26.045 19.731 5.022E+09
  5500. 8.0  0.572 14.472 14.607 24.877 19.010 3.958E+09
  6000. 8.0  0.573 14.090 14.185 22.667 17.736 2.548E+09
  6500. 8.0  0.575 13.740 13.837 20.808 16.739 1.993E+09
  7000. 8.0  0.576 13.416 13.538 19.374 15.969 1.649E+09
  7500. 8.0  0.577 13.114 13.273 18.301 15.357 1.394E+09
  8000. 8.0  0.578 12.832 13.035 17.439 14.839 1.185E+09
  8500. 8.0  0.579 12.567 12.816 16.849 14.389 1.012E+09
  9000. 8.0  0.580 12.317 12.635 16.151 13.958 8.703E+08
  9500. 8.0  0.581 12.080 12.449 15.630 13.615 7.558E+08
 10000. 8.0  0.582 11.855 12.315 15.050 13.253 6.615E+08
 11000. 8.0  0.584 11.437 12.053 14.163 12.672 5.143E+08
 12000. 8.0  0.586 11.056 11.832 13.432 12.188 4.060E+08
 13000. 8.0  0.588 10.705 11.637 12.820 11.782 3.247E+08
 14000. 8.0  0.590 10.380 11.460 12.299 11.436 2.617E+08
 15000. 8.0  0.592 10.077 11.293 11.851 11.140 2.121E+08
 16000. 8.0  0.594  9.793 11.137 11.462 10.882 1.726E+08
 17000. 8.0  0.595  9.527 10.993 11.120 10.655 1.410E+08
 18000. 8.0  0.597  9.276 10.865 10.817 10.454 1.153E+08
 19000. 8.0  0.599  9.038 10.756 10.546 10.274 9.396E+07
 20000. 8.0  0.600  8.812 10.665 10.304 10.115 7.631E+07
 21000. 8.0  0.602  8.597 10.590 10.092  9.978 6.169E+07
 22000. 8.0  0.604  8.392 10.533  9.917  9.871 4.965E+07
 23000. 8.0  0.606  8.195 10.499  9.801  9.806 3.990E+07
 24000. 8.0  0.607  8.007 10.474  9.707  9.757 3.212E+07
 25000. 8.0  0.609  7.827 10.443  9.595  9.699 2.601E+07
 26000. 8.0  0.611  7.653 10.404  9.465  9.621 2.128E+07
 27000. 8.0  0.613  7.486 10.358  9.333  9.530 1.762E+07
 28000. 8.0  0.614  7.325 10.307  9.206  9.435 1.478E+07
 29000. 8.0  0.616  7.170 10.255  9.084  9.340 1.259E+07
 30000. 8.0  0.618  7.020 10.203  8.968  9.248 1.083E+07
 31000. 8.0  0.618  6.877 10.154  8.858  9.160 1.396E+07
 32000. 8.0  0.620  6.736 10.104  8.748  9.072 1.277E+07
 33000. 8.0  0.621  6.600 10.054  8.640  8.986 1.176E+07
 34000. 8.0  0.623  6.467 10.004  8.534  8.901 1.090E+07
 35000. 8.0  0.624  6.339  9.955  8.430  8.818 1.016E+07
 36000. 8.0  0.626  6.213  9.907  8.326  8.737 9.505E+06
 37000. 8.0  0.628  6.092  9.859  8.222  8.656 8.936E+06
 38000. 8.0  0.629  5.973  9.810  8.118  8.575 8.435E+06
 39000. 8.0  0.631  5.857  9.762  8.013  8.495 7.990E+06
 40000. 8.0  0.633  5.745  9.713  7.906  8.414 7.592E+06
  3500. 8.5  0.898 17.194 18.347 36.132 26.579 8.525E+09
  3750. 8.5  0.898 16.894 17.801 34.246 25.354 8.343E+09
  4000. 8.5  0.898 16.614 17.323 32.555 24.260 8.140E+09
  4250. 8.5  0.898 16.350 16.901 31.021 23.272 7.909E+09
  4500. 8.5  0.899 16.102 16.525 29.619 22.376 7.657E+09
  4750. 8.5  0.899 15.867 16.191 28.329 21.560 7.371E+09
  5000. 8.5  0.899 15.644 15.890 27.130 20.812 7.083E+09
  5250. 8.5  0.899 15.432 15.620 26.014 20.126 6.755E+09
  5500. 8.5  0.899 15.230 15.377 24.952 19.490 6.296E+09
  6000. 8.5  0.900 14.851 14.957 22.978 18.359 5.283E+09
  6500. 8.5  0.900 14.503 14.609 21.272 17.432 4.383E+09
  7000. 8.5  0.901 14.180 14.310 19.934 16.693 3.693E+09
  7500. 8.5  0.901 13.880 14.048 18.889 16.086 3.180E+09
  8000. 8.5  0.902 13.599 13.813 18.072 15.576 2.744E+09
  8500. 8.5  0.902 13.335 13.592 17.551 15.140 2.361E+09
  9000. 8.5  0.903 13.087 13.405 16.911 14.727 2.023E+09
  9500. 8.5  0.903 12.851 13.246 16.311 14.349 1.726E+09
 10000. 8.5  0.903 12.628 13.093 15.807 14.020 1.467E+09
 11000. 8.5  0.904 12.213 12.832 14.934 13.446 1.055E+09
 12000. 8.5  0.905 11.834 12.613 14.209 12.965 8.196E+08
 13000. 8.5  0.906 11.485 12.423 13.601 12.559 6.675E+08
 14000. 8.5  0.907 11.163 12.251 13.082 12.214 5.520E+08
 15000. 8.5  0.908 10.862 12.092 12.636 11.917 4.591E+08
 16000. 8.5  0.908 10.581 11.942 12.247 11.659 3.852E+08
 17000. 8.5  0.909 10.317 11.800 11.907 11.432 3.262E+08
 18000. 8.5  0.910 10.068 11.670 11.605 11.230 2.779E+08
 19000. 8.5  0.911  9.832 11.555 11.336 11.049 2.378E+08
 20000. 8.5  0.912  9.608 11.458 11.095 10.887 2.042E+08
 21000. 8.5  0.912  9.395 11.375 10.879 10.743 1.761E+08
 22000. 8.5  0.913  9.192 11.307 10.688 10.618 1.524E+08
 23000. 8.5  0.914  8.998 11.253 10.526 10.516 1.321E+08
 24000. 8.5  0.915  8.813 11.217 10.405 10.446 1.147E+08
 25000. 8.5  0.916  8.634 11.192 10.320 10.398 9.950E+07
 26000. 8.5  0.916  8.463 11.167 10.227 10.349 8.623E+07
 27000. 8.5  0.917  8.298 11.137 10.117 10.287 7.457E+07
 28000. 8.5  0.918  8.139 11.100  9.998 10.212 6.432E+07
 29000. 8.5  0.919  7.986 11.059  9.880 10.130 5.525E+07
 30000. 8.5  0.920  7.838 11.014  9.766 10.045 4.722E+07
 31000. 8.5  0.923  7.692 10.965  9.654  9.957 4.205E+07
 32000. 8.5  0.924  7.553 10.918  9.548  9.874 3.457E+07
 33000. 8.5  0.925  7.418 10.871  9.446  9.792 2.839E+07
 34000. 8.5  0.926  7.287 10.824  9.345  9.712 2.337E+07
 35000. 8.5  0.926  7.160 10.777  9.246  9.632 1.934E+07
 36000. 8.5  0.927  7.037 10.732  9.149  9.555 1.615E+07
 37000. 8.5  0.928  6.917 10.686  9.052  9.479 1.365E+07
 38000. 8.5  0.929  6.800 10.641  8.956  9.404 1.173E+07
 39000. 8.5  0.930  6.686 10.596  8.859  9.329 1.025E+07
 40000. 8.5  0.931  6.575 10.551  8.761  9.253 9.103E+06
  3500. 9.0  1.186 18.142 19.483 37.062 27.557 5.391E+09
  3750. 9.0  1.186 17.843 18.719 34.111 25.744 5.326E+09
  4000. 9.0  1.186 17.562 18.250 32.461 24.695 5.248E+09
  4250. 9.0  1.186 17.299 17.836 30.975 23.757 5.162E+09
  4500. 9.0  1.186 17.051 17.469 29.624 22.910 5.075E+09
  4750. 9.0  1.186 16.816 17.140 28.395 22.145 4.986E+09
  5000. 9.0  1.186 16.593 16.845 27.271 21.453 4.885E+09
  5250. 9.0  1.186 16.381 16.578 26.229 20.818 4.776E+09
  5500. 9.0  1.186 16.179 16.337 25.260 20.236 4.639E+09
  6000. 9.0  1.186 15.801 15.917 23.503 19.206 4.293E+09
  6500. 9.0  1.186 15.453 15.566 21.978 18.336 3.914E+09
  7000. 9.0  1.186 15.131 15.266 20.730 17.618 3.545E+09
  7500. 9.0  1.186 14.832 15.005 19.742 17.020 3.282E+09
  8000. 9.0  1.187 14.551 14.773 18.920 16.506 3.062E+09
  8500. 9.0  1.187 14.288 14.549 18.458 16.075 2.845E+09
  9000. 9.0  1.187 14.040 14.362 17.831 15.672 2.635E+09
  9500. 9.0  1.187 13.805 14.195 17.273 15.306 2.440E+09
 10000. 9.0  1.187 13.582 14.055 16.739 14.964 2.262E+09
 11000. 9.0  1.187 13.168 13.790 15.882 14.397 1.949E+09
 12000. 9.0  1.188 12.790 13.571 15.163 13.919 1.683E+09
 13000. 9.0  1.188 12.442 13.383 14.557 13.514 1.458E+09
 14000. 9.0  1.188 12.120 13.215 14.040 13.167 1.268E+09
 15000. 9.0  1.188 11.820 13.061 13.593 12.868 1.100E+09
 16000. 9.0  1.189 11.539 12.916 13.204 12.609 9.515E+08
 17000. 9.0  1.189 11.276 12.778 12.862 12.380 8.220E+08
 18000. 9.0  1.189 11.027 12.648 12.560 12.177 7.059E+08
 19000. 9.0  1.189 10.792 12.529 12.291 11.994 6.010E+08
 20000. 9.0  1.190 10.569 12.424 12.050 11.830 5.107E+08
 21000. 9.0  1.190 10.357 12.334 11.832 11.681 4.360E+08
 22000. 9.0  1.190 10.155 12.257 11.636 11.548 3.729E+08
 23000. 9.0  1.190  9.961 12.191 11.460 11.429 3.203E+08
 24000. 9.0  1.191  9.776 12.137 11.306 11.329 2.805E+08
 25000. 9.0  1.191  9.599 12.096 11.180 11.251 2.507E+08
 26000. 9.0  1.191  9.428 12.068 11.088 11.197 2.260E+08
 27000. 9.0  1.191  9.264 12.046 11.010 11.152 2.040E+08
 28000. 9.0  1.192  9.106 12.020 10.921 11.102 1.843E+08
 29000. 9.0  1.192  8.953 11.991 10.818 11.042 1.668E+08
 30000. 9.0  1.192  8.806 11.957 10.710 10.973 1.509E+08
 31000. 9.0  1.194  8.662 11.918 10.602 10.897 1.815E+08
 32000. 9.0  1.195  8.523 11.878 10.498 10.820 1.640E+08
 33000. 9.0  1.195  8.389 11.836 10.398 10.742 1.482E+08
 34000. 9.0  1.196  8.259 11.791 10.300 10.665 1.337E+08
 35000. 9.0  1.196  8.133 11.747 10.206 10.590 1.204E+08
 36000. 9.0  1.197  8.010 11.703 10.113 10.515 1.080E+08
 37000. 9.0  1.197  7.890 11.658 10.020 10.441 9.675E+07
 38000. 9.0  1.198  7.774 11.615  9.929 10.369 8.662E+07
 39000. 9.0  1.198  7.661 11.571  9.838 10.298 7.759E+07
 40000. 9.0  1.199  7.551 11.528  9.747 10.227 6.959E+07
