#
#   VizieR Astronomical Server vizier.cfa.harvard.edu
#    Date: 2017-01-18T17:11:31 [V1.99+ (14-Oct-2013)]
#   In case of problem, please report to:	cds-question@unistra.fr
#
#
#Coosys	J2000:	eq_FK5 J2000
#INFO	votable-version=1.99+ (14-Oct-2013)	
#INFO	-ref=VIZ587fa18c53e4	
#INFO	-out.max=unlimited	
#INFO	queryParameters=16	
#-oc.form=dec
#-out.max=unlimited
#-nav=cat:J/A+A/327/1039&tab:{J/A+A/327/1039/tab2-7}&key:source=J/A+A/327/1039&HTTPPRM:&
#-source=J/A+A/327/1039/tab2-7
#-order=I
#-out=[M/H]
#-out=Y
#-out=Mass
#-out=Age
#-out=Teff
#-out=Lum
#-out=Rad
#-out=logTc
#-out=logRHOc
#-out=Li/Lio
#-out=Be/Beo
#
#
#RESOURCE=yCat_33271039
#Name: J/A+A/327/1039
#Title: Structure and evolution of low-mass stars (Chabrier+ 1997)
#Table	J_A_A_327_1039_tab2-7:
#Name: J/A+A/327/1039/tab2-7
#Title: CB97 models ([M/H] = -2 to 0; Y = 0.25 or 0.275)
#Column	[M/H]	(F4.1)	Initial metallicity	[ucd=phys.abund]
#Column	Y	(F6.3)	Initial helium mass fraction	[ucd=phys.mass;arith.ratio]
#Column	Mass	(F6.3)	[0/1] Mass	[ucd=phys.mass]
#Column	Age	(F5.2)	Age	[ucd=time.age]
#Column	Teff	(I4)	Effective temperature	[ucd=phys.temperature.effective]
#Column	Lum	(F6.3)	Luminosity	[ucd=phys.luminosity]
#Column	Rad	(F6.3)	Radius	[ucd=phys.size.radius]
#Column	logTc	(F6.3)	Central temperature	[ucd=phys.temperature]
#Column	logRHOc	(F6.3)	Density	[ucd=phys.density]
#Column	Li/Lio	(F8.5)	Lithium abundance (1)	[ucd=phys.abund]
#Column	Be/Beo	(F8.5)	Berillium abundance (1)	[ucd=phys.abund]
#[M/H]	Y	Mass	Age	Teff	Lum	Rad	logTc	logRHOc	Li/Lio	Be/Beo
#[Sun]	 	solMass	Gyr	K	[solLum]	10+8m	[K]	[g/cm3]	 	
#----	------	------	-----	----	------	------	------	------	--------	--------
 0.0	 0.275	 0.075	 0.01	3006	-2.048	 2.449	 6.199	 1.108	 1.00000	 1.00000
 0.0	 0.275	 0.075	 0.10	2835	-2.831	 1.118	 6.459	 2.125	 0.35600	 0.99800
 0.0	 0.275	 0.075	 1.00	2211	-3.695	 0.680	 6.510	 2.789	 0.00000	 0.03180
 0.0	 0.275	 0.075	10.00	2002	-3.929	 0.634	 6.492	 2.882	 0.00000	 0.00000
 0.0	 0.275	 0.080	 0.01	3025	-2.010	 2.528	 6.215	 1.097	 1.00000	 1.00000
 0.0	 0.275	 0.080	 0.10	2876	-2.780	 1.152	 6.482	 2.117	 0.17100	 0.99400
 0.0	 0.275	 0.080	 1.00	2374	-3.536	 0.708	 6.554	 2.765	 0.00000	 0.00120
 0.0	 0.275	 0.080	10.00	2314	-3.605	 0.689	 6.552	 2.803	 0.00000	 0.00000
 0.0	 0.275	 0.090	 0.01	3059	-1.939	 2.682	 6.242	 1.076	 1.00000	 1.00000
 0.0	 0.275	 0.090	 0.10	2946	-2.694	 1.213	 6.522	 2.106	 0.02050	 0.96100
 0.0	 0.275	 0.090	 1.00	2645	-3.261	 0.784	 6.617	 2.686	 0.00000	 0.00000
 0.0	 0.275	 0.090	10.00	2642	-3.265	 0.781	 6.619	 2.691	 0.00000	 0.00000
 0.0	 0.275	 0.100	 0.01	3090	-1.874	 2.833	 6.266	 1.054	 1.00000	 1.00000
 0.0	 0.275	 0.100	 0.10	3006	-2.614	 1.278	 6.555	 2.087	 0.00180	 0.85200
 0.0	 0.275	 0.100	 1.00	2811	-3.070	 0.863	 6.658	 2.607	 0.00000	 0.00000
 0.0	 0.275	 0.100	10.00	2814	-3.069	 0.863	 6.659	 2.607	 0.00000	 0.00000
 0.0	 0.275	 0.110	 0.01	3112	-1.821	 2.968	 6.288	 1.038	 1.00000	 1.00000
 0.0	 0.275	 0.110	 0.10	3051	-2.550	 1.334	 6.585	 2.075	 0.00009	 0.61000
 0.0	 0.275	 0.110	 1.00	2919	-2.932	 0.939	 6.687	 2.539	 0.00000	 0.00000
 0.0	 0.275	 0.110	10.00	2922	-2.929	 0.940	 6.688	 2.538	 0.00000	 0.00000
 0.0	 0.275	 0.150	 0.01	3186	-1.636	 3.503	 6.354	 0.964	 1.00000	 1.00000
 0.0	 0.275	 0.150	 0.10	3199	-2.328	 1.567	 6.669	 2.009	 0.00000	 0.02640
 0.0	 0.275	 0.150	 1.00	3149	-2.581	 1.209	 6.759	 2.349	 0.00000	 0.00000
 0.0	 0.275	 0.150	10.00	3153	-2.577	 1.212	 6.760	 2.346	 0.00000	 0.00000
 0.0	 0.275	 0.200	 0.01	3251	-1.464	 4.101	 6.412	 0.889	 1.00000	 1.00000
 0.0	 0.275	 0.200	 0.10	3299	-2.137	 1.835	 6.738	 1.934	 0.00000	 0.00009
 0.0	 0.275	 0.200	 1.00	3290	-2.316	 1.502	 6.813	 2.196	 0.00000	 0.00000
 0.0	 0.275	 0.200	10.00	3295	-2.302	 1.523	 6.810	 2.177	 0.00000	 0.00000
 0.0	 0.275	 0.300	 0.01	3345	-1.232	 5.060	 6.498	 0.798	 0.98700	 1.00000
 0.0	 0.275	 0.300	 0.10	3424	-1.873	 2.310	 6.818	 1.831	 0.00000	 0.00000
 0.0	 0.275	 0.300	 1.00	3437	-1.984	 2.016	 6.879	 1.996	 0.00000	 0.00000
 0.0	 0.275	 0.300	10.00	3436	-1.945	 2.112	 6.863	 1.935	 0.00000	 0.00000
 0.0	 0.275	 0.350	 0.01	3396	-1.138	 5.469	 6.531	 0.766	 0.95300	 1.00000
 0.0	 0.275	 0.350	 0.10	3471	-1.767	 2.540	 6.836	 1.821	 0.00000	 0.00000
 0.0	 0.275	 0.350	 1.00	3478	-1.857	 2.282	 6.897	 1.907	 0.00000	 0.00000
 0.0	 0.275	 0.350	10.00	3475	-1.822	 2.380	 6.882	 1.850	 0.00000	 0.00000
 0.0	 0.275	 0.400	 0.01	3451	-1.050	 5.863	 6.559	 0.735	 0.87600	 1.00000
 0.0	 0.275	 0.400	 0.10	3525	-1.660	 2.786	 6.853	 1.827	 0.00000	 0.00016
 0.0	 0.275	 0.400	 1.00	3522	-1.727	 2.581	 6.905	 1.852	 0.00000	 0.00000
 0.0	 0.275	 0.400	10.00	3524	-1.707	 2.640	 6.897	 1.859	 0.00000	 0.00000
 0.0	 0.275	 0.500	 0.01	3555	-0.903	 6.547	 6.608	 0.691	 0.52200	 0.99700
 0.0	 0.275	 0.500	 0.10	3658	-1.429	 3.374	 6.898	 1.875	 0.00000	 0.30000
 0.0	 0.275	 0.500	 1.00	3649	-1.478	 3.205	 6.935	 1.848	 0.00000	 0.09220
 0.0	 0.275	 0.500	10.00	3654	-1.454	 3.285	 6.930	 1.880	 0.00000	 0.00000
 0.0	 0.275	 0.600	 0.01	3645	-0.785	 7.134	 6.645	 0.668	 0.28900	 0.99300
 0.0	 0.275	 0.600	 0.10	3987	-1.119	 4.058	 6.979	 1.935	 0.00000	 0.86400
 0.0	 0.275	 0.600	 1.00	3883	-1.195	 3.919	 6.969	 1.860	 0.00000	 0.84200
 0.0	 0.275	 0.600	10.00	3914	-1.156	 4.035	 6.976	 1.921	 0.00000	 0.70200
 0.0	 0.275	 0.700	 0.01	3719	-0.681	 7.721	 6.669	 0.655	 0.38200	 0.99600
 0.0	 0.275	 0.700	 0.10	4246	-0.910	 4.551	 7.027	 1.880	 0.00205	 0.97400
 0.0	 0.275	 0.700	 1.00	4209	-0.909	 4.637	 7.009	 1.876	 0.00105	 0.97300
 0.0	 0.275	 0.700	10.00	4284	-0.841	 4.841	 7.031	 1.992	 0.00000	 0.96800
 0.0	 0.275	 0.800	 0.01	4091	-0.539	 7.515	 6.729	 0.796	 0.10400	 0.98900
 0.0	 0.275	 0.800	 0.10	4647	-0.647	 5.140	 7.059	 1.876	 0.00173	 0.97000
 0.0	 0.275	 0.800	 1.00	4647	-0.632	 5.235	 7.051	 1.897	 0.00157	 0.97000
 0.0	 0.275	 0.800	10.00	4762	-0.515	 5.705	 7.097	 2.111	 0.00085	 0.96900
-0.5	 0.250	 0.080	 0.01	3211	-1.988	 2.299	 6.238	 1.218	 1.00000	 1.00000
-0.5	 0.250	 0.080	 0.10	3023	-2.759	 1.068	 6.483	 2.215	 0.09320	 0.99000
-0.5	 0.250	 0.080	 1.00	2352	-3.608	 0.664	 6.508	 2.849	 0.00000	 0.00772
-0.5	 0.250	 0.080	10.00	2128	-3.835	 0.625	 6.485	 2.928	 0.00000	 0.00000
-0.5	 0.250	 0.090	 0.01	3246	-1.918	 2.441	 6.266	 1.196	 1.00000	 1.00000
-0.5	 0.250	 0.090	 0.10	3102	-2.666	 1.129	 6.525	 2.198	 0.00708	 0.93400
-0.5	 0.250	 0.090	 1.00	2725	-3.261	 0.738	 6.594	 2.764	 0.00000	 0.00000
-0.5	 0.250	 0.090	10.00	2716	-3.271	 0.734	 6.595	 2.772	 0.00000	 0.00000
-0.5	 0.250	 0.100	 0.01	3279	-1.852	 2.580	 6.290	 1.173	 1.00000	 1.00000
-0.5	 0.250	 0.100	 0.10	3160	-2.593	 1.184	 6.562	 2.186	 0.00026	 0.73100
-0.5	 0.250	 0.100	 1.00	2940	-3.035	 0.822	 6.644	 2.671	 0.00000	 0.00000
-0.5	 0.250	 0.100	10.00	2943	-3.033	 0.823	 6.646	 2.670	 0.00000	 0.00000
-0.5	 0.250	 0.110	 0.01	3309	-1.797	 2.700	 6.313	 1.158	 1.00000	 1.00000
-0.5	 0.250	 0.110	 0.10	3211	-2.522	 1.244	 6.591	 2.167	 0.00001	 0.44300
-0.5	 0.250	 0.110	 1.00	3068	-2.882	 0.900	 6.677	 2.595	 0.00000	 0.00000
-0.5	 0.250	 0.110	10.00	3072	-2.879	 0.901	 6.679	 2.593	 0.00000	 0.00000
-0.5	 0.250	 0.150	 0.01	3399	-1.606	 3.187	 6.380	 1.085	 1.00000	 1.00000
-0.5	 0.250	 0.150	 0.10	3353	-2.310	 1.457	 6.681	 2.103	 0.00000	 0.00543
-0.5	 0.250	 0.150	 1.00	3311	-2.521	 1.172	 6.754	 2.390	 0.00000	 0.00000
-0.5	 0.250	 0.150	10.00	3314	-2.517	 1.175	 6.756	 2.386	 0.00000	 0.00000
-0.5	 0.250	 0.200	 0.01	3479	-1.435	 3.704	 6.442	 1.020	 0.99800	 1.00000
-0.5	 0.250	 0.200	 0.10	3467	-2.115	 1.705	 6.752	 2.030	 0.00000	 0.00000
-0.5	 0.250	 0.200	 1.00	3451	-2.257	 1.462	 6.809	 2.230	 0.00000	 0.00000
-0.5	 0.250	 0.200	10.00	3455	-2.241	 1.485	 6.806	 2.211	 0.00000	 0.00000
-0.5	 0.250	 0.300	 0.01	3595	-1.193	 4.586	 6.526	 0.924	 0.94000	 1.00000
-0.5	 0.250	 0.300	 0.10	3640	-1.827	 2.154	 6.831	 1.928	 0.00000	 0.00000
-0.5	 0.250	 0.300	 1.00	3640	-1.909	 1.960	 6.877	 2.032	 0.00000	 0.00000
-0.5	 0.250	 0.300	10.00	3645	-1.865	 2.058	 6.860	 1.969	 0.00000	 0.00000
-0.5	 0.250	 0.350	 0.01	3648	-1.100	 4.956	 6.560	 0.892	 0.81000	 0.99900
-0.5	 0.250	 0.350	 0.10	3703	-1.708	 2.389	 6.850	 1.928	 0.00000	 0.00027
-0.5	 0.250	 0.350	 1.00	3696	-1.759	 2.260	 6.888	 1.923	 0.00000	 0.00000
-0.5	 0.250	 0.350	10.00	3697	-1.742	 2.305	 6.883	 1.895	 0.00000	 0.00000
-0.5	 0.250	 0.400	 0.01	3702	-1.016	 5.298	 6.589	 0.865	 0.58500	 0.99800
-0.5	 0.250	 0.400	 0.10	3777	-1.582	 2.656	 6.874	 1.947	 0.00000	 0.16200
-0.5	 0.250	 0.400	 1.00	3754	-1.630	 2.541	 6.903	 1.905	 0.00000	 0.00027
-0.5	 0.250	 0.400	10.00	3759	-1.609	 2.598	 6.899	 1.919	 0.00000	 0.00000
-0.5	 0.250	 0.500	 0.01	3810	-0.875	 5.887	 6.633	 0.841	 0.44400	 0.99700
-0.5	 0.250	 0.500	 0.10	4033	-1.269	 3.338	 6.950	 1.997	 0.00011	 0.95900
-0.5	 0.250	 0.500	 1.00	3947	-1.333	 3.237	 6.941	 1.901	 0.00000	 0.93700
-0.5	 0.250	 0.500	10.00	3968	-1.298	 3.333	 6.944	 1.954	 0.00000	 0.84900
-0.5	 0.250	 0.600	 0.01	3920	-0.748	 6.433	 6.662	 0.847	 0.67000	 0.99900
-0.5	 0.250	 0.600	 0.10	4357	-1.008	 3.862	 7.002	 1.941	 0.25400	 0.99700
-0.5	 0.250	 0.600	 1.00	4321	-1.000	 3.960	 6.986	 1.914	 0.22000	 0.99700
-0.5	 0.250	 0.600	10.00	4406	-0.935	 4.109	 7.004	 2.020	 0.11200	 0.99600
-0.5	 0.250	 0.700	 0.01	4039	-0.624	 6.990	 6.688	 0.871	 0.86300	 1.00000
-0.5	 0.250	 0.700	 0.10	4804	-0.704	 4.509	 7.038	 1.921	 0.77100	 1.00000
-0.5	 0.250	 0.700	 1.00	4806	-0.687	 4.593	 7.032	 1.929	 0.76500	 1.00000
-0.5	 0.250	 0.700	10.00	4962	-0.569	 4.933	 7.075	 2.136	 0.74600	 1.00000
-0.5	 0.250	 0.800	 0.01	4176	-0.498	 7.560	 6.715	 0.916	 0.95300	 1.00000
-0.5	 0.250	 0.800	 0.10	5217	-0.432	 5.228	 7.075	 1.923	 0.94200	 1.00000
-0.5	 0.250	 0.800	 1.00	5225	-0.412	 5.334	 7.076	 1.941	 0.94100	 1.00000
-0.5	 0.250	 0.800	10.00	5490	-0.190	 6.239	 7.164	 2.359	 0.94100	 1.00000
-1.0	 0.250	 0.083	 0.01	3421	-1.946	 2.128	 6.282	 1.337	 1.00000	 1.00000
-1.0	 0.250	 0.083	 0.10	3203	-2.705	 1.013	 6.511	 2.303	 0.00747	 0.94700
-1.0	 0.250	 0.083	 1.00	2527	-3.504	 0.649	 6.521	 2.897	 0.00000	 0.00054
-1.0	 0.250	 0.083	10.00	2359	-3.660	 0.622	 6.504	 2.952	 0.00000	 0.00000
-1.0	 0.250	 0.085	 0.01	3429	-1.930	 2.157	 6.287	 1.330	 1.00000	 1.00000
-1.0	 0.250	 0.085	 0.10	3218	-2.690	 1.020	 6.521	 2.304	 0.00318	 0.91700
-1.0	 0.250	 0.085	 1.00	2636	-3.411	 0.664	 6.543	 2.878	 0.00000	 0.00008
-1.0	 0.250	 0.085	10.00	2550	-3.492	 0.646	 6.536	 2.914	 0.00000	 0.00000
-1.0	 0.250	 0.090	 0.01	3449	-1.897	 2.214	 6.302	 1.323	 1.00000	 1.00000
-1.0	 0.250	 0.090	 0.10	3258	-2.644	 1.050	 6.542	 2.294	 0.00050	 0.81300
-1.0	 0.250	 0.090	 1.00	2848	-3.222	 0.706	 6.589	 2.822	 0.00000	 0.00000
-1.0	 0.250	 0.090	10.00	2840	-3.231	 0.703	 6.590	 2.829	 0.00000	 0.00000
-1.0	 0.250	 0.100	 0.01	3486	-1.832	 2.338	 6.327	 1.301	 1.00000	 1.00000
-1.0	 0.250	 0.100	 0.10	3327	-2.564	 1.104	 6.579	 2.277	 0.00000	 0.46400
-1.0	 0.250	 0.100	 1.00	3103	-2.970	 0.795	 6.646	 2.715	 0.00000	 0.00000
-1.0	 0.250	 0.100	10.00	3107	-2.967	 0.796	 6.648	 2.713	 0.00000	 0.00000
-1.0	 0.250	 0.110	 0.01	3518	-1.771	 2.459	 6.348	 1.279	 1.00000	 1.00000
-1.0	 0.250	 0.110	 0.10	3381	-2.499	 1.153	 6.612	 2.266	 0.00000	 0.15900
-1.0	 0.250	 0.110	 1.00	3240	-2.812	 0.875	 6.681	 2.632	 0.00000	 0.00000
-1.0	 0.250	 0.110	10.00	3245	-2.808	 0.876	 6.683	 2.631	 0.00000	 0.00000
-1.0	 0.250	 0.150	 0.01	3617	-1.581	 2.899	 6.417	 1.208	 0.99900	 1.00000
-1.0	 0.250	 0.150	 0.10	3549	-2.273	 1.356	 6.704	 2.197	 0.00000	 0.00025
-1.0	 0.250	 0.150	 1.00	3500	-2.445	 1.143	 6.761	 2.422	 0.00000	 0.00000
-1.0	 0.250	 0.150	10.00	3505	-2.439	 1.149	 6.762	 2.416	 0.00000	 0.00000
-1.0	 0.250	 0.200	 0.01	3701	-1.406	 3.384	 6.478	 1.137	 0.98600	 1.00000
-1.0	 0.250	 0.200	 0.10	3682	-2.069	 1.593	 6.776	 2.118	 0.00000	 0.00000
-1.0	 0.250	 0.200	 1.00	3666	-2.173	 1.426	 6.817	 2.263	 0.00000	 0.00000
-1.0	 0.250	 0.200	10.00	3674	-2.150	 1.458	 6.812	 2.234	 0.00000	 0.00000
-1.0	 0.250	 0.300	 0.01	3831	-1.159	 4.200	 6.562	 1.038	 0.73100	 0.99900
-1.0	 0.250	 0.300	 0.10	3837	-1.782	 2.042	 6.855	 1.990	 0.00000	 0.00000
-1.0	 0.250	 0.300	 1.00	3834	-1.836	 1.923	 6.884	 2.057	 0.00000	 0.00000
-1.0	 0.250	 0.300	10.00	3841	-1.787	 2.027	 6.865	 1.988	 0.00000	 0.00000
-1.0	 0.250	 0.350	 0.01	3881	-1.070	 4.534	 6.596	 1.008	 0.42500	 0.99500
-1.0	 0.250	 0.350	 0.10	3904	-1.659	 2.273	 6.874	 1.993	 0.00000	 0.00074
-1.0	 0.250	 0.350	 1.00	3891	-1.683	 2.226	 6.894	 1.942	 0.00000	 0.00000
-1.0	 0.250	 0.350	10.00	3893	-1.665	 2.269	 6.891	 1.926	 0.00000	 0.00000
-1.0	 0.250	 0.400	 0.01	3930	-0.989	 4.853	 6.622	 0.984	 0.27700	 0.99300
-1.0	 0.250	 0.400	 0.10	3984	-1.524	 2.549	 6.904	 2.012	 0.00000	 0.51500
-1.0	 0.250	 0.400	 1.00	3950	-1.553	 2.509	 6.909	 1.928	 0.00000	 0.00496
-1.0	 0.250	 0.400	10.00	3959	-1.530	 2.566	 6.909	 1.950	 0.00000	 0.00000
-1.0	 0.250	 0.500	 0.01	4035	-0.848	 5.413	 6.658	 0.980	 0.58200	 0.99900
-1.0	 0.250	 0.500	 0.10	4261	-1.216	 3.179	 6.973	 2.002	 0.08520	 0.99400
-1.0	 0.250	 0.500	 1.00	4190	-1.231	 3.230	 6.951	 1.927	 0.03000	 0.99200
-1.0	 0.250	 0.500	10.00	4235	-1.185	 3.335	 6.960	 1.995	 0.00014	 0.98800
-1.0	 0.250	 0.600	 0.01	4169	-0.708	 5.956	 6.690	 1.015	 0.87700	 1.00000
-1.0	 0.250	 0.600	 0.10	4728	-0.886	 3.775	 7.011	 1.955	 0.81300	 1.00000
-1.0	 0.250	 0.600	 1.00	4711	-0.873	 3.859	 7.002	 1.938	 0.80200	 1.00000
-1.0	 0.250	 0.600	10.00	4867	-0.782	 4.013	 7.031	 2.079	 0.75400	 1.00000
-1.0	 0.250	 0.700	 0.01	4377	-0.543	 6.534	 6.726	 1.073	 0.97100	 1.00000
-1.0	 0.250	 0.700	 0.10	5236	-0.575	 4.402	 7.050	 1.939	 0.96700	 1.00000
-1.0	 0.250	 0.700	 1.00	5236	-0.559	 4.483	 7.048	 1.943	 0.96700	 1.00000
-1.0	 0.250	 0.700	10.00	5478	-0.392	 4.967	 7.113	 2.234	 0.96700	 1.00000
-1.0	 0.250	 0.800	 0.01	4663	-0.349	 7.195	 6.770	 1.163	 0.99400	 1.00000
-1.0	 0.250	 0.800	 0.10	5662	-0.303	 5.150	 7.089	 1.944	 0.99400	 1.00000
-1.0	 0.250	 0.800	 1.00	5719	-0.269	 5.247	 7.097	 1.990	 0.99400	 1.00000
-1.0	 0.250	 0.800	10.00	6055	 0.077	 6.973	 7.235	 2.676	 0.99400	 1.00000
-1.3	 0.250	 0.083	 0.01	3530	-1.931	 2.031	 6.299	 1.397	 1.00000	 1.00000
-1.3	 0.250	 0.083	 0.10	3283	-2.699	 0.971	 6.519	 2.358	 0.00181	 0.90400
-1.3	 0.250	 0.083	 1.00	2541	-3.516	 0.632	 6.510	 2.930	 0.00000	 0.00049
-1.3	 0.250	 0.083	10.00	2283	-3.751	 0.597	 6.480	 3.003	 0.00000	 0.00000
-1.3	 0.250	 0.085	 0.01	3538	-1.915	 2.061	 6.304	 1.390	 1.00000	 1.00000
-1.3	 0.250	 0.085	 0.10	3304	-2.677	 0.983	 6.528	 2.354	 0.00082	 0.86200
-1.3	 0.250	 0.085	 1.00	2662	-3.417	 0.646	 6.534	 2.913	 0.00000	 0.00006
-1.3	 0.250	 0.085	10.00	2542	-3.524	 0.626	 6.523	 2.954	 0.00000	 0.00000
-1.3	 0.250	 0.090	 0.01	3559	-1.883	 2.113	 6.319	 1.384	 1.00000	 1.00000
-1.3	 0.250	 0.090	 0.10	3347	-2.631	 1.010	 6.550	 2.345	 0.00009	 0.70300
-1.3	 0.250	 0.090	 1.00	2913	-3.204	 0.690	 6.585	 2.854	 0.00000	 0.00000
-1.3	 0.250	 0.090	10.00	2903	-3.214	 0.686	 6.586	 2.862	 0.00000	 0.00000
-1.3	 0.250	 0.100	 0.01	3596	-1.818	 2.231	 6.345	 1.362	 1.00000	 1.00000
-1.3	 0.250	 0.100	 0.10	3419	-2.551	 1.061	 6.589	 2.330	 0.00000	 0.30300
-1.3	 0.250	 0.100	 1.00	3194	-2.936	 0.781	 6.647	 2.738	 0.00000	 0.00000
-1.3	 0.250	 0.100	10.00	3200	-2.931	 0.782	 6.649	 2.736	 0.00000	 0.00000
-1.3	 0.250	 0.110	 0.01	3627	-1.759	 2.347	 6.366	 1.340	 1.00000	 1.00000
-1.3	 0.250	 0.110	 0.10	3479	-2.480	 1.113	 6.622	 2.312	 0.00000	 0.08150
-1.3	 0.250	 0.110	 1.00	3338	-2.773	 0.862	 6.684	 2.653	 0.00000	 0.00000
-1.3	 0.250	 0.110	10.00	3343	-2.769	 0.863	 6.686	 2.651	 0.00000	 0.00000
-1.3	 0.250	 0.150	 0.01	3726	-1.565	 2.781	 6.434	 1.262	 0.99700	 1.00000
-1.3	 0.250	 0.150	 0.10	3658	-2.251	 1.309	 6.716	 2.243	 0.00000	 0.00004
-1.3	 0.250	 0.150	 1.00	3618	-2.400	 1.127	 6.765	 2.441	 0.00000	 0.00000
-1.3	 0.250	 0.150	10.00	3624	-2.392	 1.134	 6.766	 2.433	 0.00000	 0.00000
-1.3	 0.250	 0.200	 0.01	3809	-1.392	 3.247	 6.495	 1.191	 0.96800	 1.00000
-1.3	 0.250	 0.200	 0.10	3785	-2.048	 1.545	 6.787	 2.158	 0.00000	 0.00000
-1.3	 0.250	 0.200	 1.00	3772	-2.134	 1.409	 6.821	 2.279	 0.00000	 0.00000
-1.3	 0.250	 0.200	10.00	3780	-2.107	 1.447	 6.815	 2.244	 0.00000	 0.00000
-1.3	 0.250	 0.300	 0.01	3943	-1.145	 4.026	 6.580	 1.094	 0.53800	 0.99700
-1.3	 0.250	 0.300	 0.10	3940	-1.758	 1.991	 6.868	 2.013	 0.00000	 0.00000
-1.3	 0.250	 0.300	 1.00	3936	-1.798	 1.906	 6.887	 2.068	 0.00000	 0.00000
-1.3	 0.250	 0.300	10.00	3945	-1.747	 2.011	 6.868	 1.998	 0.00000	 0.00000
-1.3	 0.250	 0.350	 0.01	3993	-1.056	 4.353	 6.613	 1.061	 0.23900	 0.98700
-1.3	 0.250	 0.350	 0.10	4005	-1.639	 2.211	 6.888	 2.016	 0.00000	 0.00024
-1.3	 0.250	 0.350	 1.00	3991	-1.646	 2.208	 6.897	 1.949	 0.00000	 0.00000
-1.3	 0.250	 0.350	10.00	3994	-1.627	 2.255	 6.890	 1.919	 0.00000	 0.00000
-1.3	 0.250	 0.400	 0.01	4042	-0.976	 4.654	 6.637	 1.042	 0.19400	 0.99100
-1.3	 0.250	 0.400	 0.10	4093	-1.498	 2.490	 6.916	 2.026	 0.00000	 0.55100
-1.3	 0.250	 0.400	 1.00	4055	-1.516	 2.483	 6.913	 1.934	 0.00000	 0.00262
-1.3	 0.250	 0.400	10.00	4067	-1.492	 2.537	 6.914	 1.960	 0.00000	 0.00000
-1.3	 0.250	 0.500	 0.01	4150	-0.833	 5.205	 6.672	 1.049	 0.64300	 0.99900
-1.3	 0.250	 0.500	 0.10	4373	-1.190	 3.110	 6.976	 2.001	 0.22000	 0.99700
-1.3	 0.250	 0.500	 1.00	4318	-1.190	 3.188	 6.956	 1.934	 0.11100	 0.99600
-1.3	 0.250	 0.500	10.00	4377	-1.139	 3.291	 6.968	 2.008	 0.00166	 0.99300
-1.3	 0.250	 0.600	 0.01	4322	-0.678	 5.736	 6.709	 1.100	 0.92200	 1.00000
-1.3	 0.250	 0.600	 0.10	4897	-0.841	 3.706	 7.015	 1.959	 0.89900	 1.00000
-1.3	 0.250	 0.600	 1.00	4884	-0.827	 3.783	 7.007	 1.946	 0.89300	 1.00000
-1.3	 0.250	 0.600	10.00	5068	-0.727	 3.944	 7.042	 2.100	 0.86800	 1.00000
-1.3	 0.250	 0.700	 0.01	4603	-0.485	 6.322	 6.752	 1.180	 0.98700	 1.00000
-1.3	 0.250	 0.700	 0.10	5409	-0.531	 4.341	 7.054	 1.943	 0.98600	 1.00000
-1.3	 0.250	 0.700	 1.00	5406	-0.515	 4.423	 7.052	 1.943	 0.98600	 1.00000
-1.3	 0.250	 0.700	10.00	5686	-0.326	 4.970	 7.128	 2.273	 0.98600	 1.00000
-1.3	 0.250	 0.800	 0.01	4981	-0.253	 7.045	 6.809	 1.299	 0.99800	 1.00000
-1.3	 0.250	 0.800	 0.10	5843	-0.258	 5.093	 7.094	 1.951	 0.99800	 1.00000
-1.3	 0.250	 0.800	 1.00	5914	-0.221	 5.187	 7.105	 2.005	 0.99800	 1.00000
-1.3	 0.250	 0.800	10.00	6315	 0.199	 7.373	 7.268	 2.841	 0.99800	 1.00000
-1.5	 0.250	 0.083	 0.01	3597	-1.921	 1.979	 6.309	 1.432	 1.00000	 1.00000
-1.5	 0.250	 0.083	 0.10	3336	-2.688	 0.952	 6.522	 2.384	 0.00092	 0.87700
-1.5	 0.250	 0.083	 1.00	2538	-3.533	 0.622	 6.502	 2.952	 0.00000	 0.00044
-1.5	 0.250	 0.083	10.00	2194	-3.844	 0.582	 6.459	 3.039	 0.00000	 0.00000
-1.5	 0.250	 0.085	 0.01	3606	-1.910	 1.997	 6.316	 1.431	 1.00000	 1.00000
-1.5	 0.250	 0.085	 0.10	3354	-2.672	 0.959	 6.532	 2.385	 0.00030	 0.81300
-1.5	 0.250	 0.085	 1.00	2669	-3.427	 0.635	 6.528	 2.935	 0.00000	 0.00005
-1.5	 0.250	 0.085	10.00	2519	-3.559	 0.613	 6.512	 2.982	 0.00000	 0.00000
-1.5	 0.250	 0.090	 0.01	3626	-1.874	 2.058	 6.329	 1.418	 1.00000	 1.00000
-1.5	 0.250	 0.090	 0.10	3399	-2.625	 0.985	 6.555	 2.378	 0.00003	 0.61600
-1.5	 0.250	 0.090	 1.00	2948	-3.196	 0.679	 6.583	 2.874	 0.00000	 0.00000
-1.5	 0.250	 0.090	10.00	2938	-3.207	 0.675	 6.583	 2.882	 0.00000	 0.00000
-1.5	 0.250	 0.100	 0.01	3662	-1.805	 2.184	 6.353	 1.390	 1.00000	 1.00000
-1.5	 0.250	 0.100	 0.10	3475	-2.545	 1.035	 6.595	 2.363	 0.00000	 0.21400
-1.5	 0.250	 0.100	 1.00	3249	-2.915	 0.773	 6.648	 2.753	 0.00000	 0.00000
-1.5	 0.250	 0.100	10.00	3255	-2.910	 0.774	 6.650	 2.750	 0.00000	 0.00000
-1.5	 0.250	 0.110	 0.01	3695	-1.750	 2.286	 6.377	 1.375	 1.00000	 1.00000
-1.5	 0.250	 0.110	 0.10	3542	-2.470	 1.085	 6.629	 2.346	 0.00000	 0.04450
-1.5	 0.250	 0.110	 1.00	3399	-2.750	 0.854	 6.685	 2.665	 0.00000	 0.00000
-1.5	 0.250	 0.110	10.00	3405	-2.745	 0.856	 6.687	 2.663	 0.00000	 0.00000
-1.5	 0.250	 0.150	 0.01	3795	-1.556	 2.707	 6.444	 1.297	 0.99500	 1.00000
-1.5	 0.250	 0.150	 0.10	3722	-2.239	 1.282	 6.723	 2.271	 0.00000	 0.00001
-1.5	 0.250	 0.150	 1.00	3685	-2.375	 1.119	 6.767	 2.451	 0.00000	 0.00000
-1.5	 0.250	 0.150	10.00	3691	-2.366	 1.126	 6.768	 2.443	 0.00000	 0.00000
-1.5	 0.250	 0.200	 0.01	3880	-1.383	 3.162	 6.505	 1.226	 0.94400	 1.00000
-1.5	 0.250	 0.200	 0.10	3848	-2.033	 1.522	 6.793	 2.178	 0.00000	 0.00000
-1.5	 0.250	 0.200	 1.00	3836	-2.111	 1.400	 6.824	 2.288	 0.00000	 0.00000
-1.5	 0.250	 0.200	10.00	3845	-2.082	 1.441	 6.816	 2.250	 0.00000	 0.00000
-1.5	 0.250	 0.300	 0.01	4013	-1.136	 3.930	 6.589	 1.125	 0.41900	 0.99500
-1.5	 0.250	 0.300	 0.10	4001	-1.745	 1.960	 6.875	 2.032	 0.00000	 0.00000
-1.5	 0.250	 0.300	 1.00	3999	-1.775	 1.896	 6.889	 2.075	 0.00000	 0.00000
-1.5	 0.250	 0.300	10.00	4008	-1.724	 2.002	 6.870	 2.004	 0.00000	 0.00000
-1.5	 0.250	 0.350	 0.01	4064	-1.046	 4.245	 6.623	 1.094	 0.15400	 0.97900
-1.5	 0.250	 0.350	 0.10	4068	-1.620	 2.188	 6.893	 2.022	 0.00000	 0.00009
-1.5	 0.250	 0.350	 1.00	4058	-1.642	 2.145	 6.907	 1.989	 0.00000	 0.00000
-1.5	 0.250	 0.350	10.00	4059	-1.602	 2.247	 6.891	 1.924	 0.00000	 0.00000
-1.5	 0.250	 0.400	 0.01	4112	-0.968	 4.540	 6.647	 1.077	 0.14400	 0.98900
-1.5	 0.250	 0.400	 0.10	4157	-1.485	 2.451	 6.922	 2.032	 0.00000	 0.49700
-1.5	 0.250	 0.400	 1.00	4122	-1.495	 2.463	 6.915	 1.937	 0.00000	 0.00088
-1.5	 0.250	 0.400	10.00	4134	-1.471	 2.517	 6.917	 1.964	 0.00000	 0.00000
-1.5	 0.250	 0.500	 0.01	4232	-0.820	 5.084	 6.682	 1.087	 0.63700	 0.99900
-1.5	 0.250	 0.500	 0.10	4435	-1.178	 3.065	 6.976	 1.995	 0.25500	 0.99700
-1.5	 0.250	 0.500	 1.00	4396	-1.169	 3.150	 6.958	 1.937	 0.11100	 0.99600
-1.5	 0.250	 0.500	10.00	4462	-1.116	 3.252	 6.971	 2.013	 0.00107	 0.99200
-1.5	 0.250	 0.600	 0.01	4427	-0.657	 5.603	 6.721	 1.148	 0.93500	 1.00000
-1.5	 0.250	 0.600	 0.10	4977	-0.821	 3.669	 7.016	 1.957	 0.92200	 1.00000
-1.5	 0.250	 0.600	 1.00	4970	-0.807	 3.738	 7.009	 1.946	 0.91700	 1.00000
-1.5	 0.250	 0.600	10.00	5167	-0.702	 3.904	 7.047	 2.108	 0.90200	 1.00000
-1.5	 0.250	 0.700	 0.01	4760	-0.444	 6.194	 6.769	 1.239	 0.99200	 1.00000
-1.5	 0.250	 0.700	 0.10	5497	-0.510	 4.303	 7.057	 1.948	 0.99200	 1.00000
-1.5	 0.250	 0.700	 1.00	5494	-0.494	 4.388	 7.055	 1.947	 0.99200	 1.00000
-1.5	 0.250	 0.700	10.00	5792	-0.296	 4.959	 7.135	 2.292	 0.99200	 1.00000
-1.5	 0.250	 0.800	 0.01	5167	-0.195	 7.004	 6.834	 1.376	 0.99900	 1.00000
-1.5	 0.250	 0.800	 0.10	5933	-0.238	 5.054	 7.096	 1.951	 0.99900	 1.00000
-1.5	 0.250	 0.800	 1.00	6021	-0.198	 5.138	 7.109	 2.015	 0.99900	 1.00000
-1.5	 0.250	 0.800	10.00	6483	 0.266	 7.557	 7.296	 2.926	 0.99900	 1.00000
-2.0	 0.250	 0.083	 0.01	3750	-1.900	 1.867	 6.330	 1.507	 1.00000	 1.00000
-2.0	 0.250	 0.083	 0.10	3455	-2.676	 0.900	 6.531	 2.459	 0.00009	 0.76300
-2.0	 0.250	 0.083	 1.00	2519	-3.578	 0.599	 6.480	 3.000	 0.00000	 0.00045
-2.0	 0.250	 0.083	10.00	1779	-4.274	 0.539	 6.371	 3.135	 0.00000	 0.00000
-2.0	 0.250	 0.085	 0.01	3758	-1.889	 1.883	 6.337	 1.507	 1.00000	 1.00000
-2.0	 0.250	 0.085	 0.10	3479	-2.654	 0.910	 6.542	 2.455	 0.00003	 0.67400
-2.0	 0.250	 0.085	 1.00	2667	-3.461	 0.611	 6.509	 2.984	 0.00000	 0.00004
-2.0	 0.250	 0.085	10.00	2342	-3.741	 0.575	 6.468	 3.063	 0.00000	 0.00000
-2.0	 0.250	 0.090	 0.01	3779	-1.852	 1.941	 6.351	 1.495	 1.00000	 1.00000
-2.0	 0.250	 0.090	 0.10	3532	-2.605	 0.934	 6.566	 2.449	 0.00000	 0.41500
-2.0	 0.250	 0.090	 1.00	3022	-3.186	 0.654	 6.574	 2.924	 0.00000	 0.00000
-2.0	 0.250	 0.090	10.00	3005	-3.202	 0.649	 6.574	 2.934	 0.00000	 0.00000
-2.0	 0.250	 0.100	 0.01	3816	-1.784	 2.060	 6.375	 1.466	 1.00000	 1.00000
-2.0	 0.250	 0.100	 0.10	3623	-2.520	 0.979	 6.608	 2.437	 0.00000	 0.08090
-2.0	 0.250	 0.100	 1.00	3387	-2.866	 0.753	 6.649	 2.788	 0.00000	 0.00000
-2.0	 0.250	 0.100	10.00	3395	-2.860	 0.754	 6.652	 2.785	 0.00000	 0.00000
-2.0	 0.250	 0.110	 0.01	3846	-1.727	 2.167	 6.397	 1.444	 0.99900	 1.00000
-2.0	 0.250	 0.110	 0.10	3696	-2.441	 1.031	 6.642	 2.414	 0.00000	 0.01050
-2.0	 0.250	 0.110	 1.00	3556	-2.692	 0.834	 6.689	 2.696	 0.00000	 0.00000
-2.0	 0.250	 0.110	10.00	3565	-2.686	 0.836	 6.691	 2.693	 0.00000	 0.00000
-2.0	 0.250	 0.150	 0.01	3947	-1.535	 2.566	 6.466	 1.367	 0.98400	 1.00000
-2.0	 0.250	 0.150	 0.10	3873	-2.207	 1.229	 6.736	 2.326	 0.00000	 0.00000
-2.0	 0.250	 0.150	 1.00	3845	-2.317	 1.098	 6.773	 2.475	 0.00000	 0.00000
-2.0	 0.250	 0.150	10.00	3852	-2.306	 1.109	 6.773	 2.463	 0.00000	 0.00000
-2.0	 0.250	 0.200	 0.01	4036	-1.362	 2.993	 6.528	 1.298	 0.84500	 1.00000
-2.0	 0.250	 0.200	 0.10	4002	-1.997	 1.466	 6.806	 2.227	 0.00000	 0.00000
-2.0	 0.250	 0.200	 1.00	3995	-2.054	 1.377	 6.829	 2.309	 0.00000	 0.00000
-2.0	 0.250	 0.200	10.00	4004	-2.020	 1.427	 6.820	 2.263	 0.00000	 0.00000
-2.0	 0.250	 0.300	 0.01	4189	-1.114	 3.696	 6.615	 1.206	 0.15700	 0.97900
-2.0	 0.250	 0.300	 0.10	4162	-1.702	 1.904	 6.887	 2.069	 0.00000	 0.00000
-2.0	 0.250	 0.300	 1.00	4161	-1.717	 1.872	 6.894	 2.092	 0.00000	 0.00000
-2.0	 0.250	 0.300	10.00	4172	-1.665	 1.978	 6.875	 2.020	 0.00000	 0.00000
-2.0	 0.250	 0.350	 0.01	4252	-1.021	 3.996	 6.649	 1.173	 0.03360	 0.92400
-2.0	 0.250	 0.350	 0.10	4231	-1.587	 2.104	 6.911	 2.036	 0.00000	 0.00000
-2.0	 0.250	 0.350	 1.00	4226	-1.589	 2.104	 6.915	 2.009	 0.00000	 0.00000
-2.0	 0.250	 0.350	10.00	4231	-1.541	 2.218	 6.897	 1.941	 0.00000	 0.00000
-2.0	 0.250	 0.400	 0.01	4306	-0.943	 4.258	 6.673	 1.162	 0.02590	 0.96200
-2.0	 0.250	 0.400	 0.10	4315	-1.456	 2.349	 6.935	 2.033	 0.00000	 0.08290
-2.0	 0.250	 0.400	 1.00	4289	-1.444	 2.411	 6.921	 1.939	 0.00000	 0.00000
-2.0	 0.250	 0.400	10.00	4304	-1.421	 2.460	 6.925	 1.972	 0.00000	 0.00000
-2.0	 0.250	 0.500	 0.01	4434	-0.791	 4.789	 6.707	 1.172	 0.38600	 0.99700
-2.0	 0.250	 0.500	 0.10	4589	-1.148	 2.963	 6.979	 1.996	 0.06000	 0.99300
-2.0	 0.250	 0.500	 1.00	4560	-1.136	 3.042	 6.963	 1.941	 0.00305	 0.98400
-2.0	 0.250	 0.500	10.00	4623	-1.083	 3.148	 6.977	 2.021	 0.00000	 0.95600
-2.0	 0.250	 0.600	 0.01	4643	-0.621	 5.308	 6.747	 1.234	 0.89400	 1.00000
-2.0	 0.250	 0.600	 0.10	5093	-0.799	 3.596	 7.017	 1.958	 0.87700	 1.00000
-2.0	 0.250	 0.600	 1.00	5094	-0.784	 3.655	 7.012	 1.951	 0.87100	 1.00000
-2.0	 0.250	 0.600	10.00	5292	-0.676	 3.837	 7.052	 2.116	 0.85200	 1.00000
-2.0	 0.250	 0.700	 0.01	5000	-0.401	 5.899	 6.800	 1.335	 0.98900	 1.00000
-2.0	 0.250	 0.700	 0.10	5596	-0.489	 4.254	 7.059	 1.950	 0.98900	 1.00000
-2.0	 0.250	 0.700	 1.00	5591	-0.473	 4.340	 7.057	 1.946	 0.98900	 1.00000
-2.0	 0.250	 0.700	10.00	5914	-0.265	 4.932	 7.143	 2.312	 0.98900	 1.00000
-2.0	 0.250	 0.800	 0.01	5419	-0.123	 6.917	 6.871	 1.485	 0.99900	 1.00000
-2.0	 0.250	 0.800	 0.10	6045	-0.216	 4.991	 7.099	 1.956	 0.99900	 1.00000
-2.0	 0.250	 0.800	 1.00	6121	-0.180	 5.078	 7.111	 2.007	 0.99900	 1.00000
-2.0	 0.250	 0.800	10.00	6688	 0.334	 7.682	 7.314	 3.021	 0.99900	 1.00000

