    6   60  Pure hydrogen grid   Wed Dec  7 18:46:24 2011
 Teff  log g  M/Mo  Mbol     V    FUV    NUV     Age
  1500. 7.0  0.150 19.064 18.021 58.550 33.998 1.623E+10
  1750. 7.0  0.151 18.393 17.607 56.580 33.016 1.338E+10
  2000. 7.0  0.151 17.812 17.288 54.720 31.985 1.078E+10
  2250. 7.0  0.151 17.297 17.016 53.036 31.102 7.879E+09
  2500. 7.0  0.152 16.837 16.778 51.442 30.261 5.479E+09
  2750. 7.0  0.152 16.420 16.556 49.847 29.438 3.943E+09
  3000. 7.0  0.152 16.039 16.334 48.180 28.596 3.472E+09
  3250. 7.0  0.153 15.689 16.107 46.372 27.704 3.145E+09
  3500. 7.0  0.153 15.362 15.868 44.342 26.753 2.927E+09
  3750. 7.0  0.154 15.058 15.610 42.037 25.731 2.803E+09
  4000. 7.0  0.155 14.771 15.322 39.439 24.634 2.550E+09
  4250. 7.0  0.157 14.497 15.000 35.255 23.481 2.229E+09
  4500. 7.0  0.159 14.235 14.667 31.064 22.405 1.955E+09
  4750. 7.0  0.162 13.975 14.329 29.026 21.346 1.674E+09
  5000. 7.0  0.168 13.717 13.993 27.794 20.354 1.360E+09
  5250. 7.0  0.174 13.467 13.687 26.759 19.434 1.147E+09
  5500. 7.0  0.179 13.230 13.413 25.827 18.504 9.696E+08
  6000. 7.0  0.188 12.802 12.952 24.376 16.787 7.762E+08
  6500. 7.0  0.192 12.428 12.575 22.877 15.518 6.329E+08
  7000. 7.0  0.197 12.083 12.243 21.267 14.595 5.182E+08
  7500. 7.0  0.201 11.761 11.942 19.529 13.885 4.253E+08
  8000. 7.0  0.205 11.459 11.663 18.014 13.316 3.464E+08
  8500. 7.0  0.209 11.174 11.401 16.811 12.840 2.836E+08
  9000. 7.0  0.213 10.906 11.154 15.833 12.429 2.318E+08
  9500. 7.0  0.217 10.652 10.925 14.943 12.063 1.878E+08
 10000. 7.0  0.220 10.411 10.725 13.926 11.739 1.524E+08
 10500. 7.0  0.223 10.185 10.563 12.942 11.456 1.239E+08
 11000. 7.0  0.226  9.969 10.437 12.148 11.216 9.931E+07
 11500. 7.0  0.229  9.763 10.347 11.500 11.026 7.990E+07
 12000. 7.0  0.231  9.566 10.258 11.091 10.840 6.589E+07
 12500. 7.0  0.234  9.376 10.169 10.796 10.657 5.545E+07
 13000. 7.0  0.237  9.194 10.085 10.550 10.481 4.702E+07
 13500. 7.0  0.239  9.018 10.006 10.331 10.314 3.995E+07
 14000. 7.0  0.242  8.848  9.931 10.128 10.153 3.464E+07
 14500. 7.0  0.244  8.684  9.859  9.938 10.000 2.999E+07
 15000. 7.0  0.247  8.525  9.790  9.760  9.852 2.620E+07
 15500. 7.0  0.250  8.372  9.723  9.590  9.710 2.306E+07
 16000. 7.0  0.252  8.223  9.659  9.428  9.575 2.034E+07
 16500. 7.0  0.254  8.079  9.596  9.273  9.446 1.805E+07
 17000. 7.0  0.257  7.939  9.536  9.125  9.322 1.600E+07
 20000. 7.0  0.270  7.180  9.207  8.350  8.670 7.439E+06
 25000. 7.0  0.288  6.141  8.746  7.343  7.818 2.546E+06
 30000. 7.0  0.304  5.291  8.315  6.563  7.107 1.096E+06
 35000. 7.0  0.320  4.566  7.955  6.032  6.591 5.757E+05
 40000. 7.0  0.338  3.925  7.701  5.675  6.255 3.166E+05
 45000. 7.0  0.353  3.368  7.516  5.418  6.016 1.857E+05
 50000. 7.0  0.366  2.869  7.364  5.210  5.824 1.156E+05
 55000. 7.0  0.379  2.417  7.231  5.032  5.661 7.754E+04
 60000. 7.0  0.394  1.999  7.107  4.871  5.512 5.576E+04
 65000. 7.0  0.411  1.605  6.985  4.717  5.369 4.709E+04
 70000. 7.0  0.430  1.233  6.865  4.570  5.231 4.410E+04
 75000. 7.0  0.452  0.879  6.746  4.426  5.096 3.458E+04
 80000. 7.0  0.472  0.552  6.638  4.296  4.974 2.808E+04
 85000. 7.0  0.489  0.251  6.543  4.182  4.866 2.660E+04
 90000. 7.0  0.506 -0.034  6.452  4.072  4.763 2.945E+04
100000. 7.0  0.543 -0.569  6.273  3.862  4.565 3.168E+04
110000. 7.0  0.576 -1.046  6.116  3.678  4.391 1.863E+04
120000. 7.0  0.582 -1.437  6.018  3.555  4.277 8.709E+03
130000. 7.0  0.613 -1.841  5.882  3.398  4.128 4.535E+03
140000. 7.0  0.624 -2.181  5.789  3.286  4.023 3.682E+03
  1500. 7.5  0.317 19.506 18.337 57.942 33.917 1.581E+10
  1750. 7.5  0.317 18.836 17.927 56.046 33.107 1.392E+10
  2000. 7.5  0.317 18.256 17.608 54.410 32.088 1.234E+10
  2250. 7.5  0.317 17.744 17.346 52.879 31.247 1.102E+10
  2500. 7.5  0.317 17.285 17.115 51.364 30.443 1.005E+10
  2750. 7.5  0.317 16.871 16.902 49.852 29.656 8.878E+09
  3000. 7.5  0.317 16.492 16.690 48.304 28.858 7.765E+09
  3250. 7.5  0.318 16.144 16.473 46.617 28.019 6.749E+09
  3500. 7.5  0.318 15.821 16.244 44.755 27.125 5.702E+09
  3750. 7.5  0.319 15.519 15.996 42.645 26.163 4.723E+09
  4000. 7.5  0.319 15.237 15.733 40.273 25.148 4.157E+09
  4250. 7.5  0.320 14.972 15.438 37.351 24.056 3.670E+09
  4500. 7.5  0.321 14.720 15.129 32.615 22.977 3.136E+09
  4750. 7.5  0.323 14.479 14.819 29.661 21.985 2.657E+09
  5000. 7.5  0.326 14.247 14.513 28.328 20.991 2.162E+09
  5250. 7.5  0.329 14.022 14.230 27.288 20.133 1.739E+09
  5500. 7.5  0.333 13.809 13.978 26.365 19.297 1.512E+09
  6000. 7.5  0.338 13.415 13.550 24.944 17.662 1.229E+09
  6500. 7.5  0.341 13.058 13.194 23.531 16.317 1.022E+09
  7000. 7.5  0.343 12.729 12.883 22.099 15.335 8.614E+08
  7500. 7.5  0.345 12.422 12.603 20.532 14.594 7.333E+08
  8000. 7.5  0.347 12.135 12.345 19.017 14.010 6.281E+08
  8500. 7.5  0.349 11.865 12.104 17.765 13.531 5.411E+08
  9000. 7.5  0.352 11.610 11.876 16.754 13.122 4.681E+08
  9500. 7.5  0.354 11.368 11.664 15.894 12.762 4.066E+08
 10000. 7.5  0.356 11.138 11.470 15.024 12.438 3.543E+08
 10500. 7.5  0.359 10.920 11.307 14.038 12.153 3.097E+08
 11000. 7.5  0.361 10.711 11.171 13.232 11.903 2.715E+08
 11500. 7.5  0.363 10.513 11.062 12.579 11.684 2.384E+08
 12000. 7.5  0.364 10.322 10.985 11.992 11.511 2.096E+08
 12500. 7.5  0.366 10.139 10.914 11.588 11.349 1.846E+08
 13000. 7.5  0.368  9.964 10.840 11.303 11.186 1.628E+08
 13500. 7.5  0.370  9.795 10.767 11.072 11.030 1.438E+08
 14000. 7.5  0.372  9.631 10.698 10.869 10.880 1.272E+08
 14500. 7.5  0.373  9.474 10.633 10.683 10.738 1.126E+08
 15000. 7.5  0.375  9.321 10.570 10.508 10.600 9.982E+07
 15500. 7.5  0.377  9.174 10.509 10.344 10.468 8.868E+07
 16000. 7.5  0.379  9.030 10.451 10.188 10.341 7.890E+07
 16500. 7.5  0.381  8.891 10.394 10.039 10.219 7.048E+07
 17000. 7.5  0.383  8.756 10.338  9.896 10.101 6.316E+07
 20000. 7.5  0.394  8.019 10.033  9.145  9.478 3.171E+07
 25000. 7.5  0.411  7.003  9.596  8.167  8.653 1.675E+07
 30000. 7.5  0.428  6.169  9.182  7.416  7.965 9.661E+06
 35000. 7.5  0.450  5.445  8.829  6.897  7.460 4.587E+06
 40000. 7.5  0.464  4.830  8.605  6.573  7.155 3.095E+06
 45000. 7.5  0.480  4.283  8.434  6.330  6.931 2.248E+06
 50000. 7.5  0.496  3.790  8.290  6.131  6.749 1.691E+06
 55000. 7.5  0.512  3.341  8.164  5.960  6.592 1.286E+06
 60000. 7.5  0.527  2.932  8.051  5.810  6.454 9.633E+05
 65000. 7.5  0.541  2.555  7.948  5.676  6.330 7.402E+05
 70000. 7.5  0.555  2.206  7.854  5.554  6.218 5.684E+05
 75000. 7.5  0.569  1.880  7.766  5.441  6.114 4.470E+05
 80000. 7.5  0.583  1.572  7.679  5.333  6.013 3.536E+05
 85000. 7.5  0.599  1.281  7.596  5.230  5.917 2.728E+05
 90000. 7.5  0.613  1.006  7.518  5.134  5.827 2.056E+05
100000. 7.5  0.639  0.503  7.375  4.960  5.665 1.241E+05
110000. 7.5  0.667  0.043  7.239  4.797  5.512 8.936E+04
120000. 7.5  0.699 -0.384  7.107  4.641  5.365 7.294E+04
130000. 7.5  0.720 -0.764  6.997  4.511  5.242 6.132E+04
140000. 7.5  0.739 -1.115  6.895  4.390  5.129 4.168E+04
  1500. 8.0  0.575 20.108 18.809 57.677 34.187 1.481E+10
  1750. 8.0  0.575 19.438 18.415 56.059 33.117 1.413E+10
  2000. 8.0  0.575 18.858 18.098 54.346 32.334 1.350E+10
  2250. 8.0  0.575 18.347 17.838 52.842 31.545 1.291E+10
  2500. 8.0  0.575 17.889 17.613 51.445 30.777 1.235E+10
  2750. 8.0  0.575 17.475 17.402 50.028 30.022 1.181E+10
  3000. 8.0  0.575 17.097 17.198 48.564 29.263 1.130E+10
  3250. 8.0  0.576 16.749 16.988 46.989 28.470 1.081E+10
  3500. 8.0  0.576 16.427 16.768 45.258 27.630 1.027E+10
  3750. 8.0  0.576 16.126 16.530 43.312 26.725 9.645E+09
  4000. 8.0  0.576 15.845 16.282 41.136 25.780 9.013E+09
  4250. 8.0  0.577 15.581 16.005 38.539 24.752 8.352E+09
  4500. 8.0  0.578 15.332 15.713 34.422 23.696 7.582E+09
  4750. 8.0  0.578 15.095 15.417 30.667 22.721 6.737E+09
  5000. 8.0  0.580 14.870 15.126 29.001 21.729 5.688E+09
  5250. 8.0  0.582 14.654 14.853 27.915 20.873 4.401E+09
  5500. 8.0  0.584 14.447 14.603 26.979 20.089 3.170E+09
  6000. 8.0  0.588 14.063 14.181 25.543 18.570 2.241E+09
  6500. 8.0  0.590 13.712 13.832 24.176 17.186 1.828E+09
  7000. 8.0  0.592 13.387 13.531 22.858 16.120 1.520E+09
  7500. 8.0  0.593 13.084 13.261 21.468 15.325 1.274E+09
  8000. 8.0  0.595 12.801 13.013 20.020 14.707 1.075E+09
  8500. 8.0  0.596 12.535 12.783 18.729 14.208 9.170E+08
  9000. 8.0  0.598 12.285 12.566 17.668 13.791 7.919E+08
  9500. 8.0  0.599 12.047 12.363 16.787 13.428 6.894E+08
 10000. 8.0  0.600 11.822 12.174 15.984 13.104 6.033E+08
 10500. 8.0  0.602 11.607 12.010 15.081 12.814 5.307E+08
 11000. 8.0  0.603 11.403 11.867 14.234 12.561 4.695E+08
 11500. 8.0  0.604 11.208 11.749 13.549 12.336 4.179E+08
 12000. 8.0  0.606 11.021 11.651 12.997 12.132 3.735E+08
 12500. 8.0  0.607 10.841 11.577 12.485 11.963 3.348E+08
 13000. 8.0  0.608 10.669 11.518 12.073 11.819 3.005E+08
 13500. 8.0  0.609 10.503 11.457 11.780 11.673 2.701E+08
 14000. 8.0  0.610 10.343 11.393 11.552 11.530 2.431E+08
 14500. 8.0  0.611 10.188 11.330 11.357 11.393 2.189E+08
 15000. 8.0  0.613 10.039 11.271 11.180 11.262 1.972E+08
 15500. 8.0  0.614  9.895 11.214 11.016 11.137 1.778E+08
 16000. 8.0  0.615  9.755 11.159 10.862 11.017 1.603E+08
 16500. 8.0  0.616  9.619 11.105 10.717 10.900 1.445E+08
 17000. 8.0  0.617  9.488 11.054 10.577 10.788 1.303E+08
 20000. 8.0  0.624  8.770 10.770  9.848 10.193 6.896E+07
 25000. 8.0  0.635  7.782 10.360  8.904  9.400 2.216E+07
 30000. 8.0  0.646  6.972  9.972  8.190  8.744 9.239E+06
 35000. 8.0  0.661  6.277  9.655  7.714  8.281 6.331E+06
 40000. 8.0  0.672  5.679  9.453  7.414  8.000 4.018E+06
 45000. 8.0  0.682  5.151  9.303  7.194  7.798 2.808E+06
 50000. 8.0  0.694  4.676  9.179  7.016  7.636 1.818E+06
 55000. 8.0  0.703  4.247  9.075  6.868  7.501 1.534E+06
 60000. 8.0  0.713  3.854  8.981  6.736  7.382 1.257E+06
 65000. 8.0  0.722  3.492  8.895  6.619  7.276 1.055E+06
 70000. 8.0  0.732  3.156  8.816  6.513  7.179 9.011E+05
 75000. 8.0  0.741  2.843  8.743  6.415  7.089 7.773E+05
 80000. 8.0  0.750  2.550  8.674  6.324  7.006 6.760E+05
 85000. 8.0  0.759  2.274  8.607  6.238  6.927 5.907E+05
 90000. 8.0  0.768  2.013  8.544  6.157  6.853 5.195E+05
100000. 8.0  0.785  1.530  8.426  6.007  6.714 4.023E+05
110000. 8.0  0.804  1.091  8.315  5.870  6.586 3.080E+05
120000. 8.0  0.824  0.686  8.208  5.740  6.465 2.342E+05
130000. 8.0  0.843  0.314  8.109  5.620  6.353 1.912E+05
140000. 8.0  0.862 -0.032  8.015  5.508  6.248 1.778E+05
  1500. 8.5  0.908 20.862 19.374 57.185 34.300 1.210E+10
  1750. 8.5  0.908 20.192 19.041 55.474 33.473 1.199E+10
  2000. 8.5  0.908 19.612 18.742 54.192 32.703 1.187E+10
  2250. 8.5  0.908 19.101 18.487 53.005 31.947 1.172E+10
  2500. 8.5  0.908 18.643 18.263 51.666 31.220 1.156E+10
  2750. 8.5  0.908 18.229 18.056 50.330 30.506 1.139E+10
  3000. 8.5  0.908 17.851 17.854 48.940 29.789 1.123E+10
  3250. 8.5  0.908 17.503 17.651 47.462 29.046 1.106E+10
  3500. 8.5  0.908 17.182 17.438 45.851 28.260 1.088E+10
  3750. 8.5  0.908 16.882 17.214 44.057 27.423 1.068E+10
  4000. 8.5  0.909 16.601 16.974 42.047 26.533 1.040E+10
  4250. 8.5  0.909 16.338 16.714 39.771 25.574 1.004E+10
  4500. 8.5  0.909 16.089 16.437 36.643 24.555 9.676E+09
  4750. 8.5  0.909 15.854 16.155 32.402 23.588 9.230E+09
  5000. 8.5  0.910 15.631 15.873 29.893 22.636 8.708E+09
  5250. 8.5  0.910 15.418 15.607 28.706 21.739 8.025E+09
  5500. 8.5  0.911 15.215 15.360 27.740 20.971 7.072E+09
  6000. 8.5  0.913 14.835 14.934 26.276 19.557 5.244E+09
  6500. 8.5  0.914 14.486 14.588 24.924 18.206 4.428E+09
  7000. 8.5  0.915 14.163 14.293 23.676 17.068 3.793E+09
  7500. 8.5  0.916 13.863 14.031 22.430 16.202 3.261E+09
  8000. 8.5  0.916 13.582 13.792 21.112 15.538 2.791E+09
  8500. 8.5  0.917 13.318 13.570 19.828 15.009 2.377E+09
  9000. 8.5  0.918 13.068 13.362 18.723 14.574 2.018E+09
  9500. 8.5  0.919 12.833 13.165 17.799 14.203 1.706E+09
 10000. 8.5  0.919 12.609 12.981 17.004 13.876 1.435E+09
 10500. 8.5  0.920 12.396 12.819 16.167 13.581 1.205E+09
 11000. 8.5  0.921 12.193 12.669 15.359 13.323 1.037E+09
 11500. 8.5  0.922 12.000 12.543 14.614 13.095 9.044E+08
 12000. 8.5  0.922 11.814 12.437 14.019 12.889 8.015E+08
 12500. 8.5  0.923 11.636 12.346 13.537 12.699 7.237E+08
 13000. 8.5  0.924 11.465 12.271 13.109 12.529 6.551E+08
 13500. 8.5  0.924 11.300 12.215 12.700 12.392 5.927E+08
 14000. 8.5  0.925 11.141 12.165 12.384 12.263 5.365E+08
 14500. 8.5  0.926 10.988 12.111 12.145 12.132 4.871E+08
 15000. 8.5  0.926 10.840 12.054 11.948 12.004 4.439E+08
 15500. 8.5  0.927 10.697 11.998 11.775 11.881 4.060E+08
 16000. 8.5  0.927 10.558 11.945 11.617 11.764 3.723E+08
 16500. 8.5  0.928 10.424 11.893 11.470 11.652 3.419E+08
 17000. 8.5  0.929 10.294 11.843 11.330 11.544 3.145E+08
 20000. 8.5  0.932  9.584 11.568 10.610 10.965 1.966E+08
 25000. 8.5  0.938  8.608 11.171  9.684 10.191 9.664E+07
 30000. 8.5  0.944  7.810 10.796  8.997  9.555 4.695E+07
 35000. 8.5  0.954  7.128 10.499  8.549  9.118 2.478E+07
 40000. 8.5  0.960  6.541 10.312  8.267  8.855 9.758E+06
 45000. 8.5  0.966  6.023 10.176  8.061  8.668 4.045E+06
 50000. 8.5  0.972  5.559 10.065  7.897  8.519 2.016E+06
 55000. 8.5  0.977  5.140  9.971  7.759  8.395 1.256E+06
 60000. 8.5  0.982  4.756  9.888  7.640  8.287 9.136E+05
 65000. 8.5  0.987  4.403  9.813  7.533  8.192 7.222E+05
 70000. 8.5  0.992  4.076  9.745  7.437  8.105 6.018E+05
 75000. 8.5  0.997  3.770  9.680  7.349  8.025 5.129E+05
 80000. 8.5  1.002  3.485  9.621  7.267  7.951 4.510E+05
 85000. 8.5  1.006  3.217  9.564  7.192  7.882 4.114E+05
 90000. 8.5  1.011  2.964  9.511  7.121  7.817 3.859E+05
100000. 8.5  1.019  2.498  9.411  6.990  7.698 3.412E+05
110000. 8.5  1.025  2.077  9.322  6.874  7.592 2.569E+05
120000. 8.5  1.028  1.696  9.242  6.771  7.497 1.383E+05
130000. 8.5  1.028  1.348  9.170  6.679  7.413 5.045E+04
140000. 8.5  1.025  1.030  9.106  6.597  7.337 1.317E+04
  1500. 9.0  1.194 21.814 20.314 56.868 34.339 7.334E+09
  1750. 9.0  1.194 21.145 20.141 55.471 33.707 7.314E+09
  2000. 9.0  1.194 20.565 19.574 54.299 33.097 7.290E+09
  2250. 9.0  1.194 20.054 19.333 53.228 32.450 7.269E+09
  2500. 9.0  1.194 19.596 19.113 52.024 31.789 7.247E+09
  2750. 9.0  1.194 19.182 18.905 50.774 31.131 7.224E+09
  3000. 9.0  1.194 18.804 18.707 49.441 30.469 7.197E+09
  3250. 9.0  1.194 18.457 18.508 48.054 29.781 7.165E+09
  3500. 9.0  1.194 18.135 18.302 46.554 29.054 7.126E+09
  3750. 9.0  1.194 17.835 18.088 44.924 28.303 7.073E+09
  4000. 9.0  1.194 17.555 17.859 43.047 27.454 6.998E+09
  4250. 9.0  1.194 17.292 17.613 41.014 26.562 6.905E+09
  4500. 9.0  1.194 17.043 17.350 38.493 25.603 6.781E+09
  4750. 9.0  1.194 16.808 17.081 34.671 24.648 6.649E+09
  5000. 9.0  1.194 16.586 16.810 31.009 23.748 6.494E+09
  5250. 9.0  1.194 16.374 16.550 29.738 22.819 6.310E+09
  5500. 9.0  1.194 16.171 16.305 28.715 22.029 6.048E+09
  6000. 9.0  1.195 15.793 15.876 27.207 20.669 5.102E+09
  6500. 9.0  1.195 15.445 15.525 25.853 19.404 4.404E+09
  7000. 9.0  1.196 15.123 15.233 24.641 18.238 4.003E+09
  7500. 9.0  1.196 14.823 14.977 23.489 17.300 3.677E+09
  8000. 9.0  1.196 14.543 14.746 22.311 16.577 3.386E+09
  8500. 9.0  1.196 14.279 14.531 21.101 16.009 3.113E+09
  9000. 9.0  1.196 14.031 14.331 19.981 15.548 2.864E+09
  9500. 9.0  1.197 13.796 14.141 19.019 15.161 2.643E+09
 10000. 9.0  1.197 13.573 13.963 18.199 14.826 2.444E+09
 10500. 9.0  1.197 13.361 13.808 17.359 14.523 2.260E+09
 11000. 9.0  1.197 13.159 13.651 16.650 14.262 2.089E+09
 11500. 9.0  1.197 12.965 13.517 15.893 14.029 1.933E+09
 12000. 9.0  1.198 12.780 13.404 15.235 13.821 1.793E+09
 12500. 9.0  1.198 12.603 13.307 14.706 13.631 1.665E+09
 13000. 9.0  1.198 12.432 13.221 14.273 13.454 1.546E+09
 13500. 9.0  1.198 12.268 13.146 13.899 13.290 1.434E+09
 14000. 9.0  1.199 12.110 13.085 13.547 13.145 1.330E+09
 14500. 9.0  1.199 11.957 13.038 13.211 13.024 1.232E+09
 15000. 9.0  1.199 11.810 12.993 12.944 12.909 1.142E+09
 15500. 9.0  1.199 11.667 12.946 12.733 12.791 1.059E+09
 16000. 9.0  1.199 11.529 12.897 12.555 12.676 9.812E+08
 16500. 9.0  1.200 11.395 12.846 12.397 12.565 9.086E+08
 17000. 9.0  1.200 11.266 12.797 12.252 12.459 8.403E+08
 20000. 9.0  1.201 10.558 12.526 11.529 11.893 5.130E+08
 25000. 9.0  1.204  9.587 12.134 10.615 11.131 2.528E+08
 30000. 9.0  1.206  8.794 11.765  9.948 10.510 1.489E+08
 35000. 9.0  1.205  8.125 11.488  9.528 10.101 1.116E+08
 40000. 9.0  1.208  7.543 11.311  9.258  9.849 7.077E+07
 45000. 9.0  1.210  7.029 11.181  9.060  9.669 4.614E+07
 50000. 9.0  1.212  6.570 11.077  8.903  9.528 2.818E+07
 55000. 9.0  1.214  6.154 10.988  8.772  9.409 1.438E+07
 60000. 9.0  1.217  5.774 10.910  8.657  9.307 5.487E+06
 65000. 9.0  1.220  5.423 10.839  8.555  9.215 1.821E+06
 70000. 9.0  1.222  5.099 10.775  8.464  9.133 9.915E+05
 75000. 9.0  1.224  4.798 10.716  8.380  9.058 7.257E+05
 80000. 9.0  1.226  4.516 10.660  8.304  8.989 5.943E+05
 85000. 9.0  1.228  4.251 10.608  8.232  8.924 4.901E+05
 90000. 9.0  1.229  4.002 10.560  8.166  8.864 3.598E+05
100000. 9.0  1.227  3.546 10.473  8.049  8.758 8.610E+04
110000. 9.0  1.215  3.143 10.404  7.953  8.672 4.321E+03
120000. 9.0  1.192  2.785 10.350  7.877  8.604 5.699E+01
130000. 9.0  1.163  2.465 10.307  7.814  8.548 7.305E-01
140000. 9.0  1.133  2.171 10.270  7.759  8.500 5.296E-02
  1500. 9.5  1.365 22.919 20.414 56.737 34.672 3.500E+09
  1750. 9.5  1.365 22.250 20.505 56.096 34.135 3.499E+09
  2000. 9.5  1.365 21.670 20.452 54.608 33.576 3.489E+09
  2250. 9.5  1.365 21.158 20.297 53.438 33.004 3.475E+09
  2500. 9.5  1.365 20.701 20.109 52.427 32.428 3.463E+09
  2750. 9.5  1.365 20.287 19.908 51.192 31.838 3.454E+09
  3000. 9.5  1.365 19.909 19.720 49.956 31.235 3.449E+09
  3250. 9.5  1.365 19.561 19.511 48.680 30.607 3.444E+09
  3500. 9.5  1.365 19.239 19.312 47.300 29.948 3.440E+09
  3750. 9.5  1.365 18.940 19.104 45.786 29.240 3.438E+09
  4000. 9.5  1.365 18.660 18.887 44.082 28.485 3.436E+09
  4250. 9.5  1.365 18.396 18.655 42.223 27.663 3.435E+09
  4500. 9.5  1.365 18.148 18.406 39.813 26.771 3.435E+09
  4750. 9.5  1.365 17.913 18.151 37.173 25.852 3.410E+09
  5000. 9.5  1.365 17.690 17.895 33.710 24.979 3.347E+09
  5250. 9.5  1.365 17.478 17.640 31.005 24.087 3.277E+09
  5500. 9.5  1.365 17.276 17.398 29.877 23.246 3.210E+09
  6000. 9.5  1.365 16.899 16.968 28.298 21.885 3.036E+09
  6500. 9.5  1.365 16.551 16.610 26.934 20.698 2.621E+09
  7000. 9.5  1.365 16.229 16.315 25.736 19.573 2.450E+09
  7500. 9.5  1.365 15.929 16.063 24.636 18.585 2.319E+09
  8000. 9.5  1.366 15.649 15.838 23.568 17.797 2.187E+09
  8500. 9.5  1.366 15.385 15.631 22.472 17.180 2.080E+09
  9000. 9.5  1.366 15.137 15.438 21.387 16.684 1.994E+09
  9500. 9.5  1.366 14.902 15.256 20.408 16.274 1.910E+09
 10000. 9.5  1.366 14.679 15.084 19.556 15.925 1.825E+09
 10500. 9.5  1.366 14.468 14.942 18.637 15.606 1.747E+09
 11000. 9.5  1.366 14.265 14.782 18.031 15.343 1.685E+09
 11500. 9.5  1.366 14.072 14.639 17.337 15.104 1.632E+09
 12000. 9.5  1.366 13.887 14.518 16.641 14.893 1.579E+09
 12500. 9.5  1.366 13.710 14.415 16.049 14.702 1.522E+09
 13000. 9.5  1.366 13.540 14.324 15.567 14.525 1.463E+09
 13500. 9.5  1.366 13.376 14.242 15.169 14.360 1.406E+09
 14000. 9.5  1.366 13.218 14.169 14.827 14.205 1.356E+09
 14500. 9.5  1.366 13.065 14.105 14.519 14.060 1.312E+09
 15000. 9.5  1.366 12.918 14.051 14.224 13.930 1.271E+09
 15500. 9.5  1.366 12.776 14.008 13.937 13.819 1.231E+09
 16000. 9.5  1.366 12.638 13.968 13.694 13.716 1.191E+09
 16500. 9.5  1.367 12.504 13.928 13.497 13.612 1.150E+09
 17000. 9.5  1.367 12.374 13.884 13.330 13.508 1.110E+09
 20000. 9.5  1.367 11.668 13.616 12.575 12.944 9.368E+08
 25000. 9.5  1.368 10.698 13.228 11.674 12.198 6.892E+08
 30000. 9.5  1.369  9.906 12.862 11.026 11.590 3.744E+08
 35000. 9.5  1.461  9.166 12.522 10.549 11.127 5.502E+08
 40000. 9.5  1.461  8.586 12.351 10.289 10.884 6.405E+08
 45000. 9.5  1.460  8.075 12.226 10.098 10.710 5.451E+08
 50000. 9.5  1.460  7.617 12.125  9.946 10.572 3.184E+08
 55000. 9.5  1.461  7.203 12.039  9.817 10.457 1.167E+08
 60000. 9.5  1.461  6.825 11.964  9.706 10.358 2.443E+07
 65000. 9.5  1.463  6.475 11.895  9.607 10.268 4.000E+06
 70000. 9.5  1.463  6.153 11.834  9.518 10.189 1.566E+06
 75000. 9.5  1.462  5.855 11.778  9.439 10.118 9.878E+05
 80000. 9.5  1.462  5.575 11.725  9.365 10.051 7.476E+05
 85000. 9.5  1.461  5.312 11.676  9.297  9.990 5.774E+05
 90000. 9.5  1.459  5.065 11.632  9.235  9.934 3.708E+05
100000. 9.5  1.445  4.619 11.556  9.129  9.839 3.709E+04
110000. 9.5  1.410  4.231 11.504  9.050  9.770 1.428E+02
120000. 9.5  1.353  3.898 11.476  9.000  9.728 1.314E-02
130000. 9.5  1.282  3.609 11.468  8.971  9.707 3.910E-07
140000. 9.5  1.213  3.347 11.464  8.950  9.692 8.472E-10
